time,choke,GL
0,50.0,0.0
10,50.0,0.0
20,50.0,0.0
30,50.0,0.0
40,50.0,0.0
50,50.0,0.0
60,50.0,0.0
70,50.0,0.0
80,50.0,0.0
90,50.0,0.0
100,50.0,0.0
110,50.0,0.0
120,50.0,0.0
130,50.0,0.0
140,50.0,0.0
150,50.0,0.0
160,50.0,0.0
170,50.0,0.0
180,50.0,0.0
190,50.0,0.0
200,50.0,0.0
210,50.0,0.0
220,50.0,0.0
230,50.0,0.0
240,50.0,0.0
250,50.0,0.0
260,50.0,0.0
270,50.0,0.0
280,50.0,0.0
290,50.0,0.0
300,50.0,0.0
310,50.0,0.0
320,50.0,0.0
330,50.0,0.0
340,50.0,0.0
350,50.0,0.0
360,50.0,0.0
370,50.0,0.0
380,50.0,0.0
390,50.0,0.0
400,50.0,0.0
410,50.0,0.0
420,50.0,0.0
430,50.0,0.0
440,50.0,0.0
450,50.0,0.0
460,50.0,0.0
470,50.0,0.0
480,50.0,0.0
490,50.0,0.0
500,50.0,0.0
510,50.0,0.0
520,50.0,0.0
530,50.0,0.0
540,50.0,0.0
550,50.0,0.0
560,50.0,0.0
570,50.0,0.0
580,50.0,0.0
590,50.0,0.0
600,50.0,0.0
610,50.0,0.0
620,50.0,0.0
630,50.0,0.0
640,50.0,0.0
650,50.0,0.0
660,50.0,0.0
670,50.0,0.0
680,50.0,0.0
690,50.0,0.0
700,50.0,0.0
710,50.0,135.54
720,50.0,135.54
730,50.0,135.54
740,50.0,135.54
750,50.0,135.54
760,50.0,135.54
770,50.0,135.54
780,50.0,135.54
790,50.0,135.54
800,50.0,135.54
810,50.38,135.54
820,50.38,135.54
830,50.38,135.54
840,50.38,135.54
850,50.38,135.54
860,50.38,135.54
870,50.38,135.54
880,50.38,135.54
890,50.38,135.54
900,50.38,135.54
910,50.38,135.54
920,50.38,135.54
930,50.38,199.5
940,50.38,199.5
950,50.38,199.5
960,50.38,199.5
970,50.38,199.5
980,50.38,199.5
990,50.38,199.5
1000,50.38,199.5
1010,50.38,199.5
1020,50.38,199.5
1030,50.38,199.5
1040,50.38,199.5
1050,50.38,199.5
1060,50.38,199.5
1070,50.38,199.5
1080,50.38,199.5
1090,50.38,199.5
1100,50.38,199.5
1110,50.38,199.5
1120,50.0,199.5
1130,50.0,199.5
1140,50.0,199.5
1150,50.0,199.5
1160,50.0,199.5
1170,50.0,199.5
1180,50.0,199.5
1190,50.0,199.5
1200,50.0,199.5
1210,50.0,199.5
1220,50.0,199.5
1230,50.0,199.5
1240,50.0,199.5
1250,50.0,199.5
1260,50.0,199.5
1270,50.0,199.5
1280,50.0,199.5
1290,50.0,199.5
1300,50.0,199.5
1310,50.0,199.5
1320,50.0,199.5
1330,50.0,146.11
1340,50.0,146.11
1350,50.0,146.11
1360,50.0,146.11
1370,50.0,146.11
1380,50.0,146.11
1390,50.0,146.11
1400,50.0,146.11
1410,50.0,146.11
1420,50.0,146.11
1430,50.0,146.11
1440,50.0,146.11
1450,50.0,146.11
1460,50.0,146.11
1470,50.0,146.11
1480,50.0,146.11
1490,50.0,146.11
1500,50.0,146.11
1510,50.0,146.11
1520,50.0,146.11
1530,50.0,146.11
1540,50.0,146.11
1550,50.0,146.11
1560,50.0,146.11
1570,50.0,146.11
1580,50.0,146.11
1590,50.0,146.11
1600,50.0,146.11
1610,50.0,146.11
1620,50.0,146.11
1630,50.0,42.91
1640,50.0,42.91
1650,50.0,42.91
1660,50.0,42.91
1670,50.0,42.91
1680,50.0,42.91
1690,50.0,42.91
1700,50.0,42.91
1710,50.0,42.91
1720,50.0,42.91
1730,50.05,42.91
1740,50.05,42.91
1750,50.05,42.91
1760,50.05,42.91
1770,50.05,42.91
1780,50.05,42.91
1790,50.05,42.91
1800,50.05,42.91
1810,50.05,42.91
1820,50.05,42.91
1830,50.05,42.91
1840,50.05,42.91
1850,50.05,42.91
1860,50.05,42.91
1870,50.05,42.91
1880,50.05,42.91
1890,50.05,42.91
1900,50.05,42.91
1910,50.05,42.91
1920,50.05,42.91
1930,50.05,42.91
1940,50.05,42.91
1950,50.05,42.91
1960,50.05,42.91
1970,50.05,42.91
1980,50.05,42.91
1990,50.05,42.91
2000,50.05,42.91
2010,50.05,42.91
2020,50.05,42.91
2030,50.05,73.49
2040,50.05,73.49
2050,50.05,73.49
2060,50.05,73.49
2070,50.44,73.49
2080,50.44,73.49
2090,50.44,73.49
2100,50.44,73.49
2110,50.44,73.49
2120,50.44,73.49
2130,50.44,73.49
2140,50.44,73.49
2150,50.44,73.49
2160,50.44,73.49
2170,50.44,73.49
2180,50.44,73.49
2190,50.44,73.49
2200,50.44,73.49
2210,50.44,73.49
2220,50.44,73.49
2230,50.44,73.49
2240,50.44,73.49
2250,50.44,73.49
2260,50.44,73.49
2270,50.44,73.49
2280,50.44,73.49
2290,50.44,73.49
2300,50.44,73.49
2310,50.44,73.49
2320,50.44,73.49
2330,50.44,0.0
2340,50.44,0.0
2350,50.44,0.0
2360,50.44,0.0
2370,50.44,0.0
2380,50.44,0.0
2390,50.44,0.0
2400,50.89,0.0
2410,50.89,0.0
2420,50.89,0.0
2430,50.89,0.0
2440,50.89,0.0
2450,50.89,0.0
2460,50.89,0.0
2470,50.89,0.0
2480,50.89,0.0
2490,50.89,0.0
2500,50.89,0.0
2510,50.89,0.0
2520,50.89,0.0
2530,50.89,0.0
2540,50.89,0.0
2550,50.89,0.0
2560,50.89,0.0
2570,50.89,0.0
2580,50.89,0.0
2590,50.89,0.0
2600,50.89,0.0
2610,50.89,0.0
2620,50.89,0.0
2630,50.89,0.0
2640,51.18,0.0
2650,51.18,0.0
2660,51.18,0.0
2670,51.18,0.0
2680,51.18,0.0
2690,51.18,0.0
2700,51.18,0.0
2710,51.18,0.0
2720,51.18,0.0
2730,51.18,0.0
2740,51.18,0.0
2750,51.18,0.0
2760,51.18,0.0
2770,51.18,0.0
2780,51.18,0.0
2790,51.18,0.0
2800,51.18,0.0
2810,51.18,0.0
2820,51.18,0.0
2830,51.18,0.0
2840,51.18,0.0
2850,51.18,0.0
2860,51.18,0.0
2870,51.18,0.0
2880,51.18,0.0
2890,51.18,0.0
2900,51.18,0.0
2910,51.18,0.0
2920,51.18,0.0
2930,51.18,0.0
2940,50.96,0.0
2950,50.96,0.0
2960,50.96,0.0
2970,50.96,0.0
2980,50.96,0.0
2990,50.96,0.0
3000,50.96,0.0
3010,50.96,0.0
3020,50.96,0.0
3030,50.96,0.0
3040,50.96,0.0
3050,50.96,0.0
3060,50.96,0.0
3070,50.96,0.0
3080,50.96,0.0
3090,50.96,0.0
3100,50.96,0.0
3110,50.96,0.0
3120,50.96,0.0
3130,50.96,0.0
3140,50.96,0.0
3150,50.96,0.0
3160,50.96,0.0
3170,50.96,0.0
3180,50.96,0.0
3190,50.96,0.0
3200,50.96,0.0
3210,50.96,0.0
3220,50.96,0.0
3230,50.96,0.0
3240,50.96,0.0
3250,50.96,0.0
3260,50.96,0.0
3270,50.96,0.0
3280,50.96,0.0
3290,50.96,0.0
3300,50.96,0.0
3310,50.96,0.0
3320,50.96,0.0
3330,50.76,0.0
3340,50.76,0.0
3350,50.76,0.0
3360,50.76,0.0
3370,50.76,0.0
3380,50.76,0.0
3390,50.76,0.0
3400,50.76,19.06
3410,50.76,19.06
3420,50.76,19.06
3430,50.76,19.06
3440,50.76,19.06
3450,50.76,19.06
3460,50.76,19.06
3470,50.76,19.06
3480,50.76,19.06
3490,50.76,19.06
3500,50.76,19.06
3510,50.76,19.06
3520,50.76,19.06
3530,50.76,19.06
3540,50.76,19.06
3550,50.76,19.06
3560,50.76,19.06
3570,50.76,19.06
3580,50.76,19.06
3590,50.76,19.06
3600,50.76,19.06
3610,50.76,150.75
3620,50.76,150.75
3630,50.76,150.75
3640,50.31,150.75
3650,50.31,150.75
3660,50.31,150.75
3670,50.31,150.75
3680,50.31,150.75
3690,50.31,150.75
3700,50.31,150.75
3710,50.31,150.75
3720,50.31,150.75
3730,50.31,150.75
3740,50.31,150.75
3750,50.31,150.75
3760,50.31,150.75
3770,50.31,150.75
3780,50.31,150.75
3790,50.31,150.75
3800,50.31,150.75
3810,50.31,150.75
3820,50.31,150.75
3830,50.31,150.75
3840,50.31,150.75
3850,50.31,150.75
3860,50.31,150.75
3870,50.31,150.75
3880,50.31,150.75
3890,50.31,150.75
3900,50.31,150.75
3910,50.31,150.75
3920,50.31,150.75
3930,50.31,150.75
3940,50.31,150.75
3950,50.31,150.75
3960,50.31,150.75
3970,50.31,150.75
3980,50.31,150.75
3990,50.31,150.75
4000,50.31,150.75
4010,50.09,150.75
4020,50.09,150.75
4030,50.09,150.75
4040,50.09,150.75
4050,50.09,150.75
4060,50.09,127.03
4070,50.09,127.03
4080,50.09,127.03
4090,50.09,127.03
4100,50.09,127.03
4110,50.09,127.03
4120,50.09,127.03
4130,50.09,127.03
4140,50.09,127.03
4150,50.09,127.03
4160,50.09,127.03
4170,50.09,127.03
4180,50.09,127.03
4190,50.09,127.03
4200,50.09,127.03
4210,50.09,127.03
4220,50.09,127.03
4230,50.09,127.03
4240,50.09,127.03
4250,50.09,127.03
4260,50.09,127.03
4270,50.09,127.03
4280,50.09,127.03
4290,50.09,127.03
4300,50.09,127.03
4310,50.09,127.03
4320,50.09,127.03
4330,50.09,127.03
4340,50.09,127.03
4350,50.09,90.49
4360,50.09,90.49
4370,50.09,90.49
4380,50.09,90.49
4390,50.09,90.49
4400,50.09,90.49
4410,50.09,90.49
4420,50.09,90.49
4430,50.49,90.49
4440,50.49,90.49
4450,50.49,90.49
4460,50.49,90.49
4470,50.49,90.49
4480,50.49,90.49
4490,50.49,90.49
4500,50.49,90.49
4510,50.49,90.49
4520,50.49,90.49
4530,50.49,90.49
4540,50.49,90.49
4550,50.49,90.49
4560,50.49,90.49
4570,50.49,90.49
4580,50.49,90.49
4590,50.49,90.49
4600,50.49,90.49
4610,50.49,90.49
4620,50.49,90.49
4630,50.49,90.49
4640,50.49,90.49
4650,50.49,90.49
4660,50.49,90.49
4670,50.49,90.49
4680,50.49,90.49
4690,50.49,26.71
4700,50.49,26.71
4710,50.49,26.71
4720,50.49,26.71
4730,50.49,26.71
4740,50.49,26.71
4750,50.49,26.71
4760,50.49,26.71
4770,50.49,26.71
4780,50.54,26.71
4790,50.54,26.71
4800,50.54,26.71
4810,50.54,26.71
4820,50.54,26.71
4830,50.54,26.71
4840,50.54,26.71
4850,50.54,26.71
4860,50.54,26.71
4870,50.54,26.71
4880,50.54,26.71
4890,50.54,26.71
4900,50.54,26.71
4910,50.54,26.71
4920,50.54,26.71
4930,50.54,26.71
4940,50.54,26.71
4950,50.54,26.71
4960,50.54,26.71
4970,50.54,26.71
4980,50.54,26.71
4990,50.54,26.71
5000,50.54,26.71
5010,50.54,26.71
5020,50.54,26.71
5030,50.54,26.71
5040,50.54,26.71
5050,50.54,26.71
5060,50.54,26.71
5070,50.54,26.71
5080,50.54,26.71
5090,50.07,26.71
5100,50.07,26.71
5110,50.07,26.71
5120,50.07,26.71
5130,50.07,26.71
5140,50.07,26.71
5150,50.07,118.65
5160,50.07,118.65
5170,50.07,118.65
5180,50.07,118.65
5190,50.07,118.65
5200,50.07,118.65
5210,50.07,118.65
5220,50.07,118.65
5230,50.07,118.65
5240,50.07,118.65
5250,50.07,118.65
5260,50.07,118.65
5270,50.07,118.65
5280,50.07,118.65
5290,50.07,118.65
5300,50.07,118.65
5310,50.07,118.65
5320,50.07,118.65
5330,50.07,118.65
5340,50.07,118.65
5350,50.07,118.65
5360,50.5,118.65
5370,50.5,118.65
5380,50.5,118.65
5390,50.5,118.65
5400,50.5,118.65
5410,50.5,118.65
5420,50.5,118.65
5430,50.5,118.65
5440,50.5,118.65
5450,50.5,118.65
5460,50.5,118.65
5470,50.5,118.65
5480,50.5,118.65
5490,50.5,118.65
5500,50.5,163.14
5510,50.5,163.14
5520,50.5,163.14
5530,50.5,163.14
5540,50.5,163.14
5550,50.5,163.14
5560,50.5,163.14
5570,50.5,163.14
5580,50.5,163.14
5590,50.5,163.14
5600,50.5,163.14
5610,50.5,163.14
5620,50.5,163.14
5630,50.5,163.14
5640,50.5,163.14
5650,50.5,163.14
5660,50.5,163.14
5670,50.5,163.14
5680,50.5,163.14
5690,50.5,163.14
5700,50.5,163.14
5710,50.5,163.14
5720,50.5,163.14
5730,50.01,163.14
5740,50.01,163.14
5750,50.01,163.14
5760,50.01,163.14
5770,50.01,163.14
5780,50.01,163.14
5790,50.01,163.14
5800,50.01,163.14
5810,50.01,163.14
5820,50.01,163.14
5830,50.01,163.14
5840,50.01,163.14
5850,50.01,163.14
5860,50.01,163.14
5870,50.01,163.14
5880,50.01,163.14
5890,50.01,163.14
5900,50.01,163.14
5910,50.01,163.14
5920,50.01,163.14
5930,50.01,163.14
5940,50.01,163.14
5950,50.01,163.14
5960,50.01,163.14
5970,50.01,163.14
5980,50.01,14.81
5990,50.01,14.81
6000,50.01,14.81
6010,50.01,14.81
6020,50.01,14.81
6030,50.01,14.81
6040,50.01,14.81
6050,50.01,14.81
6060,50.01,14.81
6070,50.01,14.81
6080,50.01,14.81
6090,50.01,14.81
6100,50.01,14.81
6110,50.01,14.81
6120,50.01,14.81
6130,50.01,14.81
6140,50.01,14.81
6150,50.01,14.81
6160,50.01,14.81
6170,50.01,14.81
6180,50.01,14.81
6190,50.01,14.81
6200,50.01,30.71
6210,50.01,30.71
6220,50.0,30.71
6230,50.0,30.71
6240,50.0,30.71
6250,50.0,30.71
6260,50.0,30.71
6270,50.0,30.71
6280,50.0,30.71
6290,50.0,30.71
6300,50.0,30.71
6310,50.0,30.71
6320,50.0,30.71
6330,50.0,30.71
6340,50.0,30.71
6350,50.0,30.71
6360,50.0,30.71
6370,50.0,30.71
6380,50.0,30.71
6390,50.0,30.71
6400,50.0,30.71
6410,50.0,30.71
6420,50.0,30.71
6430,50.0,30.71
6440,50.0,30.71
6450,50.0,37.07
6460,50.0,37.07
6470,50.0,37.07
6480,50.0,37.07
6490,50.0,37.07
6500,50.0,37.07
6510,50.0,37.07
6520,50.0,37.07
6530,50.0,37.07
6540,50.0,37.07
6550,50.0,37.07
6560,50.0,37.07
6570,50.0,37.07
6580,50.0,37.07
6590,50.0,37.07
6600,50.0,37.07
6610,50.0,37.07
6620,50.0,37.07
6630,50.0,37.07
6640,50.0,37.07
6650,50.0,37.07
6660,50.0,37.07
6670,50.0,37.07
6680,50.0,37.07
6690,50.0,37.07
6700,50.0,37.07
6710,50.0,37.07
6720,50.0,37.07
6730,50.0,37.07
6740,50.0,37.07
6750,50.0,37.07
6760,50.0,37.07
6770,50.0,37.07
6780,50.0,37.07
6790,50.0,37.07
6800,50.0,37.07
6810,50.0,37.07
6820,50.0,37.07
6830,50.0,37.07
6840,50.0,37.07
6850,50.0,37.07
6860,50.0,37.07
6870,50.0,37.07
6880,50.0,37.07
6890,50.0,37.07
6900,50.0,37.07
6910,50.0,37.07
6920,50.0,37.07
6930,50.1,37.07
6940,50.1,0.0
6950,50.1,0.0
6960,50.1,0.0
6970,50.1,0.0
6980,50.1,0.0
6990,50.1,0.0
7000,50.1,0.0
7010,50.1,0.0
7020,50.1,0.0
7030,50.1,0.0
7040,50.1,0.0
7050,50.1,0.0
7060,50.1,0.0
7070,50.1,0.0
7080,50.1,0.0
7090,50.1,0.0
7100,50.1,0.0
7110,50.1,0.0
7120,50.1,0.0
7130,50.1,0.0
7140,50.1,0.0
7150,50.1,0.0
7160,50.1,0.0
7170,50.1,0.0
7180,50.1,0.0
7190,50.1,0.0
7200,50.1,0.0
7210,50.1,0.0
7220,50.44,0.0
7230,50.44,0.0
7240,50.44,0.0
7250,50.44,0.0
7260,50.44,0.0
7270,50.44,0.0
7280,50.44,0.0
7290,50.44,0.0
7300,50.44,0.0
7310,50.44,0.0
7320,50.44,151.12
7330,50.44,151.12
7340,50.44,151.12
7350,50.44,151.12
7360,50.44,151.12
7370,50.44,151.12
7380,50.44,151.12
7390,50.44,151.12
7400,50.44,151.12
7410,50.44,151.12
7420,50.44,151.12
7430,50.44,151.12
7440,50.44,151.12
7450,50.44,151.12
7460,50.44,151.12
7470,50.44,151.12
7480,50.44,151.12
7490,50.44,151.12
7500,50.44,151.12
7510,50.44,151.12
7520,50.44,151.12
7530,50.44,151.12
7540,50.44,151.12
7550,50.44,151.12
7560,50.44,151.12
7570,50.44,151.12
7580,50.44,151.12
7590,50.44,151.12
7600,50.44,151.12
7610,50.44,151.12
7620,50.44,151.12
7630,50.0,151.12
7640,50.0,151.12
7650,50.0,151.12
7660,50.0,151.12
7670,50.0,151.12
7680,50.0,151.12
7690,50.0,151.12
7700,50.0,151.12
7710,50.0,42.55
7720,50.0,42.55
7730,50.0,42.55
7740,50.0,42.55
7750,50.0,42.55
7760,50.0,42.55
7770,50.0,42.55
7780,50.0,42.55
7790,50.0,42.55
7800,50.0,42.55
7810,50.0,42.55
7820,50.0,42.55
7830,50.0,42.55
7840,50.0,42.55
7850,50.0,42.55
7860,50.0,42.55
7870,50.0,42.55
7880,50.0,42.55
7890,50.0,42.55
7900,50.0,42.55
7910,50.0,42.55
7920,50.0,42.55
7930,50.0,42.55
7940,50.0,42.55
7950,50.0,42.55
7960,50.0,42.55
7970,50.0,42.55
7980,50.0,42.55
7990,50.0,42.55
8000,50.0,42.55
8010,50.0,42.55
8020,50.0,42.55
8030,50.0,42.55
8040,50.0,42.55
8050,50.0,42.55
8060,50.0,42.55
8070,50.0,42.55
8080,50.0,42.55
8090,50.0,42.55
8100,50.0,42.55
8110,50.0,175.88
8120,50.0,175.88
8130,50.0,175.88
8140,50.0,175.88
8150,50.0,175.88
8160,50.0,175.88
8170,50.0,175.88
8180,50.0,175.88
8190,50.0,175.88
8200,50.0,175.88
8210,50.0,175.88
8220,50.0,175.88
8230,50.0,175.88
8240,50.0,175.88
8250,50.0,175.88
8260,50.0,175.88
8270,50.0,175.88
8280,50.0,175.88
8290,50.2,175.88
8300,50.2,175.88
8310,50.2,175.88
8320,50.2,175.88
8330,50.2,175.88
8340,50.2,175.88
8350,50.2,175.88
8360,50.2,175.88
8370,50.2,175.88
8380,50.2,175.88
8390,50.2,175.88
8400,50.2,175.88
8410,50.2,175.88
8420,50.2,175.88
8430,50.2,175.88
8440,50.2,175.88
8450,50.2,247.18
8460,50.2,247.18
8470,50.2,247.18
8480,50.2,247.18
8490,50.2,247.18
8500,50.2,247.18
8510,50.2,247.18
8520,50.2,247.18
8530,50.2,247.18
8540,50.2,247.18
8550,50.2,247.18
8560,50.2,247.18
8570,50.2,247.18
8580,50.2,247.18
8590,50.2,247.18
8600,50.2,247.18
8610,50.2,247.18
8620,50.2,247.18
8630,50.2,247.18
8640,50.2,247.18
8650,50.2,247.18
8660,50.2,247.18
8670,50.2,247.18
8680,50.2,247.18
8690,50.2,247.18
8700,50.2,247.18
8710,50.2,247.18
8720,50.0,247.18
8730,50.0,247.18
8740,50.0,247.18
8750,50.0,247.18
8760,50.0,247.18
8770,50.0,247.18
8780,50.0,247.18
8790,50.0,247.18
8800,50.0,247.18
8810,50.0,247.18
8820,50.0,247.18
8830,50.0,247.18
8840,50.0,247.18
8850,50.0,247.18
8860,50.0,247.18
8870,50.0,290.88
8880,50.0,290.88
8890,50.0,290.88
8900,50.0,290.88
8910,50.0,290.88
8920,50.0,290.88
8930,50.0,290.88
8940,50.0,290.88
8950,50.0,290.88
8960,50.0,290.88
8970,50.0,290.88
8980,50.0,290.88
8990,50.0,290.88
9000,50.0,290.88
9010,50.0,290.88
9020,50.0,290.88
9030,50.0,290.88
9040,50.0,290.88
9050,50.0,290.88
9060,50.0,290.88
9070,50.0,290.88
9080,50.0,290.88
9090,50.0,290.88
9100,50.0,290.88
9110,50.0,290.88
9120,50.0,290.88
9130,50.0,290.88
9140,50.0,290.88
9150,50.0,290.88
9160,50.0,290.88
9170,50.0,290.88
9180,50.0,290.88
9190,50.19,290.88
9200,50.19,290.88
9210,50.19,290.88
9220,50.19,290.88
9230,50.19,290.88
9240,50.19,290.88
9250,50.19,290.88
9260,50.19,290.88
9270,50.19,290.88
9280,50.19,290.88
9290,50.19,290.88
9300,50.19,290.88
9310,50.19,425.83
9320,50.19,425.83
9330,50.19,425.83
9340,50.19,425.83
9350,50.19,425.83
9360,50.19,425.83
9370,50.19,425.83
9380,50.19,425.83
9390,50.19,425.83
9400,50.19,425.83
9410,50.19,425.83
9420,50.19,425.83
9430,50.19,425.83
9440,50.19,425.83
9450,50.19,425.83
9460,50.19,425.83
9470,50.19,425.83
9480,50.19,425.83
9490,50.19,425.83
9500,50.19,425.83
9510,50.19,425.83
9520,50.19,425.83
9530,50.19,425.83
9540,50.19,425.83
9550,50.19,425.83
9560,50.19,425.83
9570,50.19,425.83
9580,50.19,425.83
9590,50.19,493.31
9600,50.19,493.31
9610,50.19,493.31
9620,50.0,493.31
9630,50.0,493.31
9640,50.0,493.31
9650,50.0,493.31
9660,50.0,493.31
9670,50.0,493.31
9680,50.0,493.31
9690,50.0,493.31
9700,50.0,493.31
9710,50.0,493.31
9720,50.0,493.31
9730,50.0,493.31
9740,50.0,493.31
9750,50.0,493.31
9760,50.0,493.31
9770,50.0,493.31
9780,50.0,493.31
9790,50.0,493.31
9800,50.0,493.31
9810,50.0,493.31
9820,50.0,493.31
9830,50.0,493.31
9840,50.0,505.18
9850,50.0,505.18
9860,50.0,505.18
9870,50.0,505.18
9880,50.0,505.18
9890,50.0,505.18
9900,50.0,505.18
9910,50.0,505.18
9920,50.0,505.18
9930,50.0,505.18
9940,50.0,505.18
9950,50.0,505.18
9960,50.0,505.18
9970,50.0,505.18
9980,50.0,505.18
9990,50.0,505.18
10000,50.0,505.18
10010,50.0,505.18
10020,50.0,505.18
10030,50.0,505.18
10040,50.0,505.18
10050,50.0,505.18
10060,50.0,505.18
10070,50.0,505.18
10080,50.0,505.18
10090,50.0,505.18
10100,50.0,505.18
10110,50.0,505.18
10120,50.0,505.18
10130,50.0,505.18
10140,50.0,505.18
10150,50.0,505.18
10160,50.0,505.18
10170,50.0,505.18
10180,50.0,505.18
10190,50.0,505.18
10200,50.0,505.18
10210,50.0,505.18
10220,50.0,505.18
10230,50.0,505.18
10240,50.0,505.18
10250,50.22,505.18
10260,50.22,505.18
10270,50.22,505.18
10280,50.22,505.18
10290,50.22,505.18
10300,50.22,505.18
10310,50.22,505.18
10320,50.22,505.18
10330,50.22,505.18
10340,50.22,505.18
10350,50.22,505.18
10360,50.22,505.18
10370,50.22,505.18
10380,50.22,505.18
10390,50.22,505.18
10400,50.22,505.18
10410,50.22,505.18
10420,50.22,505.18
10430,50.22,505.18
10440,50.22,505.18
10450,50.22,505.18
10460,50.22,505.18
10470,50.22,505.18
10480,50.22,505.18
10490,50.22,505.18
10500,50.22,505.18
10510,50.22,505.18
10520,50.22,505.18
10530,50.22,560.2
10540,50.22,560.2
10550,50.22,560.2
10560,50.22,560.2
10570,50.0,560.2
10580,50.0,560.2
10590,50.0,560.2
10600,50.0,560.2
10610,50.0,560.2
10620,50.0,560.2
10630,50.0,560.2
10640,50.0,560.2
10650,50.0,560.2
10660,50.0,560.2
10670,50.0,560.2
10680,50.0,560.2
10690,50.0,560.2
10700,50.0,560.2
10710,50.0,560.2
10720,50.0,560.2
10730,50.0,560.2
10740,50.0,560.2
10750,50.0,560.2
10760,50.0,560.2
10770,50.0,628.55
10780,50.05,628.55
10790,50.05,628.55
10800,50.05,628.55
10810,50.05,628.55
10820,50.05,628.55
10830,50.05,628.55
10840,50.05,628.55
10850,50.05,628.55
10860,50.05,628.55
10870,50.05,628.55
10880,50.05,628.55
10890,50.05,628.55
10900,50.05,628.55
10910,50.05,628.55
10920,50.05,628.55
10930,50.05,628.55
10940,50.05,628.55
10950,50.05,628.55
10960,50.05,628.55
10970,50.05,535.93
10980,50.05,535.93
10990,50.05,535.93
11000,50.05,535.93
11010,50.05,535.93
11020,50.05,535.93
11030,50.05,535.93
11040,50.05,535.93
11050,50.05,535.93
11060,50.05,535.93
11070,50.05,535.93
11080,50.05,535.93
11090,50.05,535.93
11100,50.05,535.93
11110,50.05,535.93
11120,50.41,535.93
11130,50.41,535.93
11140,50.41,535.93
11150,50.41,535.93
11160,50.41,535.93
11170,50.41,505.18
11180,50.41,505.18
11190,50.41,505.18
11200,50.41,505.18
11210,50.41,505.18
11220,50.41,505.18
11230,50.41,505.18
11240,50.41,505.18
11250,50.41,505.18
11260,50.41,505.18
11270,50.41,505.18
11280,50.41,505.18
11290,50.41,505.18
11300,50.41,505.18
11310,50.41,505.18
11320,50.41,505.18
11330,50.41,505.18
11340,50.41,505.18
11350,50.41,505.18
11360,50.41,505.18
11370,50.41,505.18
11380,50.41,505.18
11390,50.41,505.18
11400,50.41,505.18
11410,50.41,505.18
11420,50.41,505.18
11430,50.41,505.18
11440,50.41,505.18
11450,50.41,505.18
11460,50.41,505.18
11470,50.41,505.18
11480,50.41,505.18
11490,50.41,505.18
11500,50.41,505.18
11510,50.41,505.18
11520,50.41,505.18
11530,50.41,505.18
11540,50.41,505.18
11550,50.41,505.18
11560,50.41,505.18
11570,50.41,505.18
11580,50.41,606.82
11590,50.41,606.82
11600,50.86,606.82
11610,50.86,606.82
11620,50.86,606.82
11630,50.86,606.82
11640,50.86,606.82
11650,50.86,606.82
11660,50.86,606.82
11670,50.86,606.82
11680,50.86,606.82
11690,50.86,606.82
11700,50.86,606.82
11710,50.86,606.82
11720,50.86,606.82
11730,50.86,606.82
11740,50.86,606.82
11750,50.86,606.82
11760,50.86,606.82
11770,50.86,606.82
11780,50.86,606.82
11790,50.86,606.82
11800,50.86,606.82
11810,50.86,606.82
11820,50.86,606.82
11830,50.86,606.82
11840,50.86,606.82
11850,50.86,606.82
11860,50.86,606.82
11870,50.86,606.82
11880,50.86,727.64
11890,50.86,727.64
11900,50.86,727.64
11910,50.86,727.64
11920,50.86,727.64
11930,50.86,727.64
11940,50.86,727.64
11950,50.86,727.64
11960,50.86,727.64
11970,50.86,727.64
11980,50.86,727.64
11990,50.86,727.64
12000,51.16,727.64
12010,51.16,727.64
12020,51.16,727.64
12030,51.16,727.64
12040,51.16,727.64
12050,51.16,727.64
12060,51.16,727.64
12070,51.16,727.64
12080,51.16,727.64
12090,51.16,727.64
12100,51.16,727.64
12110,51.16,727.64
12120,51.16,727.64
12130,51.16,727.64
12140,51.16,727.64
12150,51.16,727.64
12160,51.16,727.64
12170,51.16,727.64
12180,51.16,727.64
12190,51.16,727.64
12200,51.16,727.64
12210,51.16,727.64
12220,51.16,727.64
12230,51.16,727.64
12240,51.16,727.64
12250,51.16,591.07
12260,51.49,591.07
12270,51.49,591.07
12280,51.49,591.07
12290,51.49,591.07
12300,51.49,591.07
12310,51.49,591.07
12320,51.49,591.07
12330,51.49,591.07
12340,51.49,591.07
12350,51.49,591.07
12360,51.49,591.07
12370,51.49,591.07
12380,51.49,591.07
12390,51.49,591.07
12400,51.49,591.07
12410,51.49,591.07
12420,51.49,591.07
12430,51.49,591.07
12440,51.49,591.07
12450,51.49,591.07
12460,51.49,591.07
12470,51.49,591.07
12480,51.49,591.07
12490,51.49,591.07
12500,51.49,591.07
12510,51.49,591.07
12520,51.49,591.07
12530,51.49,591.07
12540,51.49,591.07
12550,51.49,591.07
12560,51.49,591.07
12570,51.49,591.07
12580,51.49,591.07
12590,51.49,591.07
12600,51.49,591.07
12610,51.49,591.07
12620,51.49,591.07
12630,51.49,591.07
12640,51.49,591.07
12650,51.49,505.18
12660,52.02,505.18
12670,52.02,505.18
12680,52.02,505.18
12690,52.02,505.18
12700,52.02,505.18
12710,52.02,505.18
12720,52.02,505.18
12730,52.02,505.18
12740,52.02,505.18
12750,52.02,505.18
12760,52.02,505.18
12770,52.02,505.18
12780,52.02,505.18
12790,52.02,505.18
12800,52.02,505.18
12810,52.02,505.18
12820,52.02,505.18
12830,52.02,505.18
12840,52.02,505.18
12850,52.02,505.18
12860,52.02,505.18
12870,52.02,505.18
12880,52.02,505.18
12890,52.02,505.18
12900,52.02,505.18
12910,52.02,505.18
12920,52.02,505.18
12930,52.02,505.18
12940,52.14,505.18
12950,52.14,505.18
12960,52.14,505.18
12970,52.14,505.18
12980,52.14,505.18
12990,52.14,505.18
13000,52.14,505.18
13010,52.14,505.18
13020,52.14,505.18
13030,52.14,505.18
13040,52.14,505.18
13050,52.14,505.18
13060,52.14,505.18
13070,52.14,505.18
13080,52.14,505.18
13090,52.14,505.18
13100,52.14,505.18
13110,52.14,505.18
13120,52.14,505.18
13130,52.14,505.18
13140,52.14,505.18
13150,52.14,505.18
13160,52.14,505.18
13170,52.14,505.18
13180,52.14,505.18
13190,52.14,505.18
13200,52.14,505.18
13210,52.14,505.18
13220,52.14,505.18
13230,52.14,505.18
13240,52.14,505.18
13250,52.14,505.18
13260,52.14,505.18
13270,52.14,505.18
13280,52.14,654.63
13290,52.14,654.63
13300,52.14,654.63
13310,52.14,654.63
13320,52.14,654.63
13330,52.14,654.63
13340,52.14,654.63
13350,52.14,654.63
13360,52.14,654.63
13370,52.14,654.63
13380,52.14,654.63
13390,52.14,654.63
13400,52.14,654.63
13410,52.14,654.63
13420,52.51,654.63
13430,52.51,654.63
13440,52.51,654.63
13450,52.51,654.63
13460,52.51,654.63
13470,52.51,654.63
13480,52.51,654.63
13490,52.51,654.63
13500,52.51,654.63
13510,52.51,654.63
13520,52.51,654.63
13530,52.51,654.63
13540,52.51,654.63
13550,52.51,654.63
13560,52.51,654.63
13570,52.51,654.63
13580,52.51,654.63
13590,52.51,654.63
13600,52.51,654.63
13610,52.51,654.63
13620,52.51,654.63
13630,52.51,654.63
13640,52.51,654.63
13650,52.51,654.63
13660,52.51,738.86
13670,52.51,738.86
13680,52.51,738.86
13690,52.51,738.86
13700,52.51,738.86
13710,52.51,738.86
13720,52.51,738.86
13730,52.51,738.86
13740,52.51,738.86
13750,52.51,738.86
13760,52.51,738.86
13770,52.51,738.86
13780,52.51,738.86
13790,52.51,738.86
13800,52.51,738.86
13810,52.51,738.86
13820,52.51,738.86
13830,52.51,738.86
13840,52.51,738.86
13850,52.51,738.86
13860,52.51,738.86
13870,52.51,738.86
13880,52.51,738.86
13890,52.51,738.86
13900,52.51,738.86
13910,52.16,738.86
13920,52.16,738.86
13930,52.16,738.86
13940,52.16,738.86
13950,52.16,738.86
13960,52.16,738.86
13970,52.16,738.86
13980,52.16,738.86
13990,52.16,738.86
14000,52.16,738.86
14010,52.16,738.86
14020,52.16,738.86
14030,52.16,738.86
14040,52.16,738.86
14050,52.16,738.86
14060,52.16,738.86
14070,52.16,738.86
14080,52.16,904.15
14090,52.16,904.15
14100,52.16,904.15
14110,52.16,904.15
14120,52.16,904.15
14130,52.16,904.15
14140,52.16,904.15
14150,52.16,904.15
14160,52.16,904.15
14170,52.16,904.15
14180,52.16,904.15
14190,52.16,904.15
14200,52.16,904.15
14210,52.16,904.15
14220,52.06,904.15
14230,52.06,904.15
14240,52.06,904.15
14250,52.06,904.15
14260,52.06,904.15
14270,52.06,904.15
14280,52.06,904.15
14290,52.06,904.15
14300,52.06,904.15
14310,52.06,904.15
14320,52.06,904.15
14330,52.06,904.15
14340,52.06,904.15
14350,52.06,1049.08
14360,52.06,1049.08
14370,52.06,1049.08
14380,52.06,1049.08
14390,52.06,1049.08
14400,52.06,1049.08
14410,52.06,1049.08
14420,52.06,1049.08
14430,52.06,1049.08
14440,52.06,1049.08
14450,52.06,1049.08
14460,52.06,1049.08
14470,52.06,1049.08
14480,52.06,1049.08
14490,52.06,1049.08
14500,52.06,1049.08
14510,52.06,1049.08
14520,52.06,1049.08
14530,51.53,1049.08
14540,51.53,1049.08
14550,51.53,1049.08
14560,51.53,1049.08
14570,51.53,1049.08
14580,51.53,1049.08
14590,51.53,1049.08
14600,51.53,1049.08
14610,51.53,1049.08
14620,51.53,1049.08
14630,51.53,1049.08
14640,51.53,1049.08
14650,51.53,1049.08
14660,51.53,1049.08
14670,51.53,1049.08
14680,51.53,1049.08
14690,51.53,1049.08
14700,51.53,1049.08
14710,51.53,1049.08
14720,51.53,1049.08
14730,51.53,1049.08
14740,51.53,1049.08
14750,51.53,887.96
14760,51.53,887.96
14770,51.53,887.96
14780,51.53,887.96
14790,51.53,887.96
14800,51.53,887.96
14810,51.53,887.96
14820,51.53,887.96
14830,51.53,887.96
14840,51.53,887.96
14850,51.53,887.96
14860,51.53,887.96
14870,51.53,887.96
14880,51.53,887.96
14890,51.53,887.96
14900,51.53,887.96
14910,51.53,887.96
14920,51.53,887.96
14930,51.53,887.96
14940,51.53,887.96
14950,51.53,887.96
14960,51.53,887.96
14970,51.53,887.96
14980,51.53,887.96
14990,51.53,887.96
15000,51.53,887.96
15010,51.1,887.96
15020,51.1,887.96
15030,51.1,887.96
15040,51.1,887.96
15050,51.1,887.96
15060,51.1,887.96
15070,51.1,887.96
15080,51.1,887.96
15090,51.1,887.96
15100,51.1,1033.92
15110,51.1,1033.92
15120,51.1,1033.92
15130,51.1,1033.92
15140,51.1,1033.92
15150,51.1,1033.92
15160,51.1,1033.92
15170,51.1,1033.92
15180,51.1,1033.92
15190,51.1,1033.92
15200,51.1,1033.92
15210,51.1,1033.92
15220,51.1,1033.92
15230,51.1,1033.92
15240,51.1,1033.92
15250,51.1,1033.92
15260,51.1,1033.92
15270,51.1,1033.92
15280,51.1,1033.92
15290,51.1,1033.92
15300,51.1,1033.92
15310,51.1,1033.92
15320,51.1,1033.92
15330,51.1,1033.92
15340,51.1,1033.92
15350,51.1,1033.92
15360,51.1,1033.92
15370,51.1,1033.92
15380,51.1,1033.92
15390,51.1,1033.92
15400,51.1,1033.92
15410,51.1,1033.92
15420,51.1,1033.92
15430,50.92,1033.92
15440,50.92,1033.92
15450,50.92,1033.92
15460,50.92,1033.92
15470,50.92,1033.92
15480,50.92,1033.92
15490,50.92,1055.19
15500,50.92,1055.19
15510,50.92,1055.19
15520,50.92,1055.19
15530,50.92,1055.19
15540,50.92,1055.19
15550,50.92,1055.19
15560,50.92,1055.19
15570,50.92,1055.19
15580,50.92,1055.19
15590,50.92,1055.19
15600,50.92,1055.19
15610,50.92,1055.19
15620,50.92,1055.19
15630,50.92,1055.19
15640,50.92,1055.19
15650,50.92,1055.19
15660,50.92,1055.19
15670,50.92,1055.19
15680,50.92,1055.19
15690,50.92,1055.19
15700,50.92,1055.19
15710,50.92,1055.19
15720,50.92,1055.19
15730,50.92,1055.19
15740,50.92,1055.19
15750,50.92,1055.19
15760,50.92,1055.19
15770,50.92,1055.19
15780,50.92,1055.19
15790,50.62,1055.19
15800,50.62,1055.19
15810,50.62,1055.19
15820,50.62,1055.19
15830,50.62,1055.19
15840,50.62,1055.19
15850,50.62,1055.19
15860,50.62,1055.19
15870,50.62,1055.19
15880,50.62,1055.19
15890,50.62,1055.19
15900,50.62,1055.19
15910,50.62,1055.19
15920,50.62,1055.19
15930,50.62,1055.19
15940,50.62,1172.72
15950,50.62,1172.72
15960,50.62,1172.72
15970,50.62,1172.72
15980,50.62,1172.72
15990,50.62,1172.72
16000,50.62,1172.72
16010,50.62,1172.72
16020,50.62,1172.72
16030,50.62,1172.72
16040,50.62,1172.72
16050,50.62,1172.72
16060,50.62,1172.72
16070,50.8,1172.72
16080,50.8,1172.72
16090,50.8,1172.72
16100,50.8,1172.72
16110,50.8,1172.72
16120,50.8,1172.72
16130,50.8,1172.72
16140,50.8,1172.72
16150,50.8,1172.72
16160,50.8,1172.72
16170,50.8,1172.72
16180,50.8,1172.72
16190,50.8,1172.72
16200,50.8,1172.72
16210,50.8,1172.72
16220,50.8,1172.72
16230,50.8,1172.72
16240,50.8,1172.72
16250,50.8,1172.72
16260,50.8,1172.72
16270,50.8,1172.72
16280,50.8,1095.52
16290,50.8,1095.52
16300,50.8,1095.52
16310,50.8,1095.52
16320,50.8,1095.52
16330,50.8,1095.52
16340,50.8,1095.52
16350,50.8,1095.52
16360,50.8,1095.52
16370,50.31,1095.52
16380,50.31,1095.52
16390,50.31,1095.52
16400,50.31,1095.52
16410,50.31,1095.52
16420,50.31,1095.52
16430,50.31,1095.52
16440,50.31,1095.52
16450,50.31,1095.52
16460,50.31,1095.52
16470,50.31,1095.52
16480,50.31,1095.52
16490,50.31,1095.52
16500,50.31,1095.52
16510,50.31,1095.52
16520,50.31,1095.52
16530,50.31,1095.52
16540,50.31,1095.52
16550,50.31,1095.52
16560,50.31,1095.52
16570,50.31,1095.52
16580,50.31,1095.52
16590,50.31,1095.52
16600,50.31,1095.52
16610,50.31,1095.52
16620,50.31,1095.52
16630,50.31,1095.52
16640,50.31,1095.52
16650,50.31,1095.52
16660,50.31,1095.52
16670,50.31,1095.52
16680,50.31,1095.52
16690,50.31,1095.52
16700,50.31,1095.52
16710,50.31,1095.52
16720,50.31,1095.52
16730,50.31,1049.36
16740,50.31,1049.36
16750,50.64,1049.36
16760,50.64,1049.36
16770,50.64,1049.36
16780,50.64,1049.36
16790,50.64,1049.36
16800,50.64,1049.36
16810,50.64,1049.36
16820,50.64,1049.36
16830,50.64,1049.36
16840,50.64,1049.36
16850,50.64,1049.36
16860,50.64,1049.36
16870,50.64,1049.36
16880,50.64,1049.36
16890,50.64,1049.36
16900,50.64,1049.36
16910,50.64,1049.36
16920,50.64,1049.36
16930,50.64,1049.36
16940,50.64,1049.36
16950,50.64,1049.36
16960,50.64,1049.36
16970,50.64,1049.36
16980,50.64,1049.36
16990,50.64,1049.36
17000,50.64,1049.36
17010,50.64,1049.36
17020,50.64,1049.36
17030,50.64,1049.36
17040,50.64,1049.36
17050,50.64,1049.36
17060,50.64,1049.36
17070,50.64,1049.36
17080,50.64,1049.36
17090,50.64,1049.36
17100,50.28,1199.79
17110,50.28,1199.79
17120,50.28,1199.79
17130,50.28,1199.79
17140,50.28,1199.79
17150,50.28,1199.79
17160,50.28,1199.79
17170,50.28,1199.79
17180,50.28,1199.79
17190,50.28,1199.79
17200,50.28,1199.79
17210,50.28,1199.79
17220,50.28,1199.79
17230,50.28,1199.79
17240,50.28,1199.79
17250,50.28,1199.79
17260,50.28,1199.79
17270,50.28,1199.79
17280,50.28,1199.79
17290,50.28,1199.79
17300,50.28,1199.79
17310,50.28,1199.79
17320,50.28,1199.79
17330,50.28,1199.79
17340,50.28,1199.79
17350,50.28,1199.79
17360,50.28,1199.79
17370,50.28,1199.79
17380,50.28,1199.79
17390,50.28,1199.79
17400,50.28,1199.79
17410,50.28,1199.79
17420,50.28,1199.79
17430,50.28,1199.79
17440,50.28,1199.79
17450,50.28,1199.79
17460,50.28,1199.79
17470,50.28,1199.79
17480,50.28,1199.79
17490,50.0,1199.79
17500,50.0,1199.79
17510,50.0,1350.87
17520,50.0,1350.87
17530,50.0,1350.87
17540,50.0,1350.87
17550,50.0,1350.87
17560,50.0,1350.87
17570,50.0,1350.87
17580,50.0,1350.87
17590,50.0,1350.87
17600,50.0,1350.87
17610,50.0,1350.87
17620,50.0,1350.87
17630,50.0,1350.87
17640,50.0,1350.87
17650,50.0,1350.87
17660,50.0,1350.87
17670,50.0,1350.87
17680,50.0,1350.87
17690,50.0,1350.87
17700,50.0,1350.87
17710,50.0,1350.87
17720,50.0,1350.87
17730,50.0,1350.87
17740,50.0,1350.87
17750,50.0,1350.87
17760,50.0,1350.87
17770,50.0,1350.87
17780,50.0,1350.87
17790,50.0,1456.87
17800,50.0,1456.87
17810,50.0,1456.87
17820,50.0,1456.87
17830,50.0,1456.87
17840,50.0,1456.87
17850,50.0,1456.87
17860,50.0,1456.87
17870,50.0,1456.87
17880,50.0,1456.87
17890,50.0,1456.87
17900,50.0,1456.87
17910,50.0,1456.87
17920,50.0,1456.87
17930,50.0,1456.87
17940,50.0,1456.87
17950,50.0,1456.87
17960,50.0,1456.87
17970,50.0,1456.87
17980,50.0,1456.87
17990,50.0,1456.87
18000,50.0,1456.87
18010,50.0,1456.87
18020,50.0,1456.87
18030,50.0,1456.87
18040,50.0,1456.87
18050,50.0,1456.87
18060,50.0,1456.87
18070,50.0,1456.87
18080,50.0,1456.87
18090,50.0,1456.87
18100,50.0,1456.87
18110,50.0,1456.87
18120,50.0,1456.87
18130,50.0,1456.87
18140,50.0,1456.87
18150,50.0,1456.87
18160,50.0,1456.87
18170,50.0,1588.51
18180,50.0,1588.51
18190,50.0,1588.51
18200,50.0,1588.51
18210,50.0,1588.51
18220,50.0,1588.51
18230,50.0,1588.51
18240,50.0,1588.51
18250,50.0,1588.51
18260,50.0,1588.51
18270,50.0,1588.51
18280,50.0,1588.51
18290,50.0,1588.51
18300,50.0,1588.51
18310,50.0,1588.51
18320,50.0,1588.51
18330,50.0,1588.51
18340,50.0,1588.51
18350,50.0,1588.51
18360,50.0,1588.51
18370,50.0,1588.51
18380,50.0,1588.51
18390,50.0,1588.51
18400,50.0,1588.51
18410,50.0,1588.51
18420,50.0,1588.51
18430,50.0,1588.51
18440,50.0,1588.51
18450,50.0,1588.51
18460,50.0,1588.51
18470,50.0,1588.51
18480,50.0,1588.51
18490,50.0,1588.51
18500,50.0,1588.51
18510,50.0,1588.51
18520,50.0,1588.51
18530,50.0,1588.51
18540,50.0,1588.51
18550,50.4,1588.51
18560,50.4,1700.94
18570,50.4,1700.94
18580,50.4,1700.94
18590,50.4,1700.94
18600,50.4,1700.94
18610,50.4,1700.94
18620,50.4,1700.94
18630,50.4,1700.94
18640,50.4,1700.94
18650,50.4,1700.94
18660,50.4,1700.94
18670,50.4,1700.94
18680,50.4,1700.94
18690,50.4,1700.94
18700,50.4,1700.94
18710,50.4,1700.94
18720,50.4,1700.94
18730,50.4,1700.94
18740,50.4,1700.94
18750,50.4,1700.94
18760,50.4,1700.94
18770,50.25,1700.94
18780,50.25,1700.94
18790,50.25,1700.94
18800,50.25,1700.94
18810,50.25,1700.94
18820,50.25,1700.94
18830,50.25,1700.94
18840,50.25,1700.94
18850,50.25,1700.94
18860,50.25,1700.94
18870,50.25,1700.94
18880,50.25,1700.94
18890,50.25,1700.94
18900,50.25,1700.94
18910,50.25,1700.94
18920,50.25,1700.94
18930,50.25,1700.94
18940,50.25,1700.94
18950,50.25,1565.55
18960,50.25,1565.55
18970,50.25,1565.55
18980,50.25,1565.55
18990,50.25,1565.55
19000,50.25,1565.55
19010,50.25,1565.55
19020,50.25,1565.55
19030,50.25,1565.55
19040,50.25,1565.55
19050,50.25,1565.55
19060,50.25,1565.55
19070,50.25,1565.55
19080,50.25,1565.55
19090,50.25,1565.55
19100,50.25,1565.55
19110,50.25,1565.55
19120,50.25,1565.55
19130,50.25,1565.55
19140,50.25,1565.55
19150,50.25,1565.55
19160,50.25,1565.55
19170,50.25,1565.55
19180,50.0,1565.55
19190,50.0,1565.55
19200,50.0,1565.55
19210,50.0,1565.55
19220,50.0,1565.55
19230,50.0,1565.55
19240,50.0,1565.55
19250,50.0,1565.55
19260,50.0,1565.55
19270,50.0,1565.55
19280,50.0,1565.55
19290,50.0,1565.55
19300,50.0,1565.55
19310,50.0,1565.55
19320,50.0,1565.55
19330,50.0,1565.55
19340,50.0,1565.55
19350,50.0,1688.56
19360,50.0,1688.56
19370,50.0,1688.56
19380,50.0,1688.56
19390,50.0,1688.56
19400,50.0,1688.56
19410,50.0,1688.56
19420,50.0,1688.56
19430,50.0,1688.56
19440,50.0,1688.56
19450,50.0,1688.56
19460,50.0,1688.56
19470,50.0,1688.56
19480,50.0,1688.56
19490,50.0,1688.56
19500,50.0,1688.56
19510,50.0,1688.56
19520,50.0,1688.56
19530,50.0,1688.56
19540,50.0,1688.56
19550,50.0,1688.56
19560,50.0,1688.56
19570,50.0,1688.56
19580,50.0,1688.56
19590,50.0,1688.56
19600,50.0,1688.56
19610,50.2,1688.56
19620,50.2,1688.56
19630,50.2,1688.56
19640,50.2,1688.56
19650,50.2,1688.56
19660,50.2,1688.56
19670,50.2,1688.56
19680,50.2,1688.56
19690,50.2,1688.56
19700,50.2,1688.56
19710,50.2,1688.56
19720,50.2,1688.56
19730,50.2,1688.56
19740,50.2,1688.56
19750,50.2,1688.56
19760,50.2,1688.56
19770,50.2,1688.56
19780,50.2,1537.08
19790,50.2,1537.08
19800,50.2,1537.08
19810,50.2,1537.08
19820,50.2,1537.08
19830,50.2,1537.08
19840,50.2,1537.08
19850,50.2,1537.08
19860,50.2,1537.08
19870,50.2,1537.08
19880,50.2,1537.08
19890,50.2,1537.08
19900,50.2,1537.08
19910,50.2,1537.08
19920,50.2,1537.08
19930,50.2,1537.08
19940,50.2,1537.08
19950,50.2,1537.08
19960,50.2,1537.08
19970,50.2,1537.08
19980,50.0,1537.08
19990,50.0,1537.08
20000,50.0,1537.08
20010,50.0,1537.08
20020,50.0,1537.08
20030,50.0,1537.08
20040,50.0,1537.08
20050,50.0,1537.08
20060,50.0,1537.08
20070,50.0,1537.08
20080,50.0,1537.08
20090,50.0,1537.08
20100,50.0,1537.08
20110,50.0,1537.08
20120,50.0,1537.08
20130,50.0,1537.08
20140,50.0,1538.51
20150,50.0,1538.51
20160,50.0,1538.51
20170,50.0,1538.51
20180,50.0,1538.51
20190,50.0,1538.51
20200,50.0,1538.51
20210,50.0,1538.51
20220,50.54,1538.51
20230,50.54,1538.51
20240,50.54,1538.51
20250,50.54,1538.51
20260,50.54,1538.51
20270,50.54,1538.51
20280,50.54,1538.51
20290,50.54,1538.51
20300,50.54,1538.51
20310,50.54,1538.51
20320,50.54,1538.51
20330,50.54,1538.51
20340,50.54,1538.51
20350,50.54,1538.51
20360,50.54,1538.51
20370,50.54,1538.51
20380,50.54,1538.51
20390,50.54,1538.51
20400,50.54,1657.1
20410,50.54,1657.1
20420,50.54,1657.1
20430,50.54,1657.1
20440,50.54,1657.1
20450,50.54,1657.1
20460,50.54,1657.1
20470,50.54,1657.1
20480,50.54,1657.1
20490,50.25,1657.1
20500,50.25,1657.1
20510,50.25,1657.1
20520,50.25,1657.1
20530,50.25,1657.1
20540,50.25,1657.1
20550,50.25,1657.1
20560,50.25,1657.1
20570,50.25,1657.1
20580,50.25,1657.1
20590,50.25,1657.1
20600,50.25,1657.1
20610,50.25,1657.1
20620,50.25,1657.1
20630,50.25,1657.1
20640,50.25,1657.1
20650,50.25,1657.1
20660,50.25,1657.1
20670,50.25,1657.1
20680,50.25,1657.1
20690,50.25,1657.1
20700,50.25,1657.1
20710,50.25,1608.29
20720,50.25,1608.29
20730,50.25,1608.29
20740,50.25,1608.29
20750,50.25,1608.29
20760,50.25,1608.29
20770,50.25,1608.29
20780,50.4,1608.29
20790,50.4,1608.29
20800,50.4,1608.29
20810,50.4,1608.29
20820,50.4,1608.29
20830,50.4,1608.29
20840,50.4,1608.29
20850,50.4,1608.29
20860,50.4,1608.29
20870,50.4,1608.29
20880,50.4,1608.29
20890,50.4,1608.29
20900,50.4,1608.29
20910,50.4,1608.29
20920,50.4,1608.29
20930,50.4,1608.29
20940,50.4,1608.29
20950,50.4,1608.29
20960,50.4,1608.29
20970,50.4,1608.29
20980,50.4,1608.29
20990,50.4,1608.29
21000,50.4,1608.29
21010,50.4,1608.29
21020,50.4,1608.29
21030,50.4,1608.29
21040,50.4,1608.29
21050,50.4,1537.08
21060,50.0,1537.08
21070,50.0,1537.08
21080,50.0,1537.08
21090,50.0,1537.08
21100,50.0,1537.08
21110,50.0,1537.08
21120,50.0,1537.08
21130,50.0,1537.08
21140,50.0,1537.08
21150,50.0,1537.08
21160,50.0,1537.08
21170,50.0,1537.08
21180,50.0,1537.08
21190,50.0,1537.08
21200,50.0,1537.08
21210,50.0,1537.08
21220,50.0,1537.08
21230,50.0,1537.08
21240,50.0,1537.08
21250,50.0,1537.08
21260,50.0,1537.08
21270,50.0,1537.08
21280,50.0,1537.08
21290,50.0,1537.08
21300,50.0,1537.08
21310,50.0,1537.08
21320,50.0,1537.08
21330,50.0,1537.08
21340,50.0,1537.08
21350,50.0,1537.08
21360,50.0,1537.08
21370,50.0,1537.08
21380,50.0,1537.08
21390,50.0,1537.08
21400,50.0,1537.08
21410,50.0,1537.08
21420,50.0,1537.08
21430,50.0,1610.07
21440,50.0,1610.07
21450,50.0,1610.07
21460,50.0,1610.07
21470,50.0,1610.07
21480,50.0,1610.07
21490,50.0,1610.07
21500,50.0,1610.07
21510,50.0,1610.07
21520,50.0,1610.07
21530,50.0,1610.07
21540,50.0,1610.07
21550,50.0,1610.07
21560,50.0,1610.07
21570,50.0,1610.07
21580,50.0,1610.07
21590,50.0,1610.07
21600,50.0,1610.07
21610,50.0,1610.07
21620,50.0,1610.07
21630,50.0,1610.07
21640,50.0,1610.07
21650,50.0,1610.07
21660,50.0,1610.07
21670,50.0,1610.07
21680,50.0,1610.07
21690,50.0,1610.07
21700,50.0,1610.07
21710,50.0,1610.07
21720,50.0,1610.07
21730,50.0,1610.07
21740,50.0,1610.07
21750,50.0,1610.07
21760,50.0,1610.07
21770,50.0,1610.07
21780,50.0,1610.07
21790,50.0,1610.07
21800,50.0,1610.07
21810,50.0,1610.07
21820,50.0,1610.07
21830,50.0,1610.07
21840,50.0,1610.07
21850,50.0,1610.07
21860,50.0,1610.07
21870,50.0,1537.08
21880,50.0,1537.08
21890,50.0,1537.08
21900,50.0,1537.08
21910,50.0,1537.08
21920,50.0,1537.08
21930,50.0,1537.08
21940,50.0,1537.08
21950,50.0,1537.08
21960,50.0,1537.08
21970,50.0,1537.08
21980,50.0,1537.08
21990,50.0,1537.08
22000,50.0,1537.08
22010,50.0,1537.08
22020,50.0,1537.08
22030,50.0,1537.08
22040,50.0,1537.08
22050,50.0,1537.08
22060,50.0,1537.08
22070,50.0,1570.13
22080,50.0,1570.13
22090,50.0,1570.13
22100,50.0,1570.13
22110,50.0,1570.13
22120,50.0,1570.13
22130,50.0,1570.13
22140,50.0,1570.13
22150,50.0,1570.13
22160,50.0,1570.13
22170,50.0,1570.13
22180,50.0,1570.13
22190,50.0,1570.13
22200,50.0,1570.13
22210,50.0,1570.13
22220,50.0,1570.13
22230,50.0,1570.13
22240,50.0,1570.13
22250,50.0,1570.13
22260,50.0,1570.13
22270,50.0,1570.13
22280,50.0,1570.13
22290,50.0,1570.13
22300,50.0,1570.13
22310,50.0,1537.08
22320,50.0,1537.08
22330,50.0,1537.08
22340,50.0,1537.08
22350,50.0,1537.08
22360,50.0,1537.08
22370,50.0,1537.08
22380,50.0,1537.08
22390,50.0,1537.08
22400,50.0,1537.08
22410,50.0,1537.08
22420,50.0,1537.08
22430,50.0,1537.08
22440,50.0,1537.08
22450,50.0,1537.08
22460,50.0,1537.08
22470,50.0,1537.08
22480,50.0,1537.08
22490,50.0,1537.08
22500,50.0,1537.08
22510,50.0,1537.08
22520,50.0,1537.08
22530,50.0,1537.08
22540,50.0,1537.08
22550,50.0,1537.08
22560,50.0,1537.08
22570,50.0,1537.08
22580,50.0,1537.08
22590,50.0,1537.08
22600,50.0,1537.08
22610,50.16,1537.08
22620,50.16,1537.08
22630,50.16,1537.08
22640,50.16,1537.08
22650,50.16,1537.08
22660,50.16,1537.08
22670,50.16,1537.08
22680,50.16,1537.08
22690,50.16,1537.08
22700,50.16,1537.08
22710,50.16,1537.08
22720,50.16,1537.08
22730,50.16,1537.08
22740,50.16,1537.08
22750,50.16,1537.08
22760,50.16,1537.08
22770,50.16,1537.08
22780,50.16,1537.08
22790,50.16,1537.08
22800,50.16,1537.08
22810,50.16,1537.08
22820,50.16,1537.08
22830,50.16,1537.08
22840,50.16,1537.08
22850,50.16,1537.08
22860,50.16,1537.08
22870,50.16,1537.08
22880,50.16,1537.08
22890,50.16,1537.08
22900,50.16,1537.08
22910,50.16,1537.08
22920,50.16,1537.08
22930,50.16,1537.08
22940,50.16,1537.08
22950,50.16,1537.08
22960,50.16,1537.08
22970,50.16,1537.08
22980,50.16,1537.08
22990,50.2,1537.08
23000,50.2,1537.08
23010,50.2,1537.08
23020,50.2,1537.08
23030,50.2,1537.08
23040,50.2,1537.08
23050,50.2,1537.08
23060,50.2,1537.08
23070,50.2,1537.08
23080,50.2,1537.08
23090,50.2,1537.08
23100,50.2,1537.08
23110,50.2,1537.08
23120,50.2,1537.08
23130,50.2,1537.08
23140,50.2,1537.08
23150,50.2,1537.08
23160,50.2,1537.08
23170,50.2,1537.08
23180,50.2,1537.08
23190,50.2,1537.08
23200,50.2,1537.08
23210,50.2,1537.08
23220,50.2,1537.08
23230,50.2,1537.08
23240,50.2,1537.08
23250,50.2,1537.08
23260,50.2,1537.08
23270,50.2,1537.08
23280,50.2,1537.08
23290,50.2,1537.08
23300,50.2,1537.08
23310,50.2,1537.08
23320,50.2,1537.08
23330,50.2,1537.08
23340,50.2,1537.08
23350,50.2,1537.08
23360,50.2,1537.08
23370,50.2,1537.08
23380,50.2,1537.08
23390,50.2,1537.08
23400,50.2,1537.08
23410,50.2,1537.08
23420,50.32,1537.08
23430,50.32,1537.08
23440,50.32,1537.08
23450,50.32,1537.08
23460,50.32,1537.08
23470,50.32,1537.08
23480,50.32,1537.08
23490,50.32,1537.08
23500,50.32,1537.08
23510,50.32,1537.08
23520,50.32,1537.08
23530,50.32,1537.08
23540,50.32,1537.08
23550,50.32,1537.08
23560,50.32,1537.08
23570,50.32,1537.08
23580,50.32,1537.08
23590,50.32,1537.08
23600,50.32,1566.02
23610,50.32,1566.02
23620,50.32,1566.02
23630,50.32,1566.02
23640,50.32,1566.02
23650,50.32,1566.02
23660,50.32,1566.02
23670,50.32,1566.02
23680,50.32,1566.02
23690,50.32,1566.02
23700,50.32,1566.02
23710,50.32,1566.02
23720,50.32,1566.02
23730,50.38,1566.02
23740,50.38,1566.02
23750,50.38,1566.02
23760,50.38,1566.02
23770,50.38,1566.02
23780,50.38,1566.02
23790,50.38,1566.02
23800,50.38,1566.02
23810,50.38,1566.02
23820,50.38,1566.02
23830,50.38,1566.02
23840,50.38,1566.02
23850,50.38,1566.02
23860,50.38,1537.08
23870,50.38,1537.08
23880,50.38,1537.08
23890,50.38,1537.08
23900,50.38,1537.08
23910,50.38,1537.08
23920,50.38,1537.08
23930,50.38,1537.08
23940,50.38,1537.08
23950,50.38,1537.08
23960,50.38,1537.08
23970,50.38,1537.08
23980,50.38,1537.08
23990,50.38,1537.08
24000,50.38,1537.08
24010,50.38,1537.08
24020,50.38,1537.08
24030,50.38,1537.08
24040,50.38,1537.08
24050,50.38,1537.08
24060,50.38,1537.08
24070,50.38,1537.08
24080,50.38,1537.08
24090,50.38,1537.08
24100,50.38,1537.08
24110,50.38,1537.08
24120,50.38,1537.08
24130,50.38,1537.08
24140,50.38,1537.08
24150,50.38,1537.08
24160,50.38,1537.08
24170,50.38,1537.08
24180,50.38,1537.08
24190,50.38,1537.08
24200,50.91,1537.08
24210,50.91,1537.08
24220,50.91,1537.08
24230,50.91,1537.08
24240,50.91,1537.08
24250,50.91,1537.08
24260,50.91,1537.08
24270,50.91,1537.08
24280,50.91,1537.08
24290,50.91,1537.08
24300,50.91,1537.08
24310,50.91,1537.08
24320,50.91,1537.08
24330,50.91,1537.08
24340,50.91,1537.08
24350,50.91,1537.08
24360,50.91,1537.08
24370,50.91,1537.08
24380,50.91,1537.08
24390,50.91,1537.08
24400,50.91,1537.08
24410,50.91,1537.08
24420,50.91,1537.08
24430,50.91,1537.08
24440,50.91,1537.08
24450,50.91,1537.08
24460,50.91,1537.08
24470,50.91,1537.08
24480,50.91,1537.08
24490,50.91,1537.08
24500,50.91,1537.08
24510,50.91,1537.08
24520,50.91,1537.08
24530,50.91,1537.08
24540,50.91,1537.08
24550,50.91,1537.08
24560,51.18,1537.08
24570,51.18,1537.08
24580,51.18,1537.08
24590,51.18,1537.08
24600,51.18,1537.08
24610,51.18,1537.08
24620,51.18,1537.08
24630,51.18,1537.08
24640,51.18,1537.08
24650,51.18,1537.08
24660,51.18,1679.85
24670,51.18,1679.85
24680,51.18,1679.85
24690,51.18,1679.85
24700,51.18,1679.85
24710,51.18,1679.85
24720,51.18,1679.85
24730,51.18,1679.85
24740,51.18,1679.85
24750,51.18,1679.85
24760,51.18,1679.85
24770,51.18,1679.85
24780,51.18,1679.85
24790,51.18,1679.85
24800,51.18,1679.85
24810,51.18,1679.85
24820,51.18,1679.85
24830,51.18,1679.85
24840,51.18,1679.85
24850,51.18,1679.85
24860,51.18,1679.85
24870,51.18,1679.85
24880,51.18,1679.85
24890,51.06,1679.85
24900,51.06,1679.85
24910,51.06,1679.85
24920,51.06,1679.85
24930,51.06,1679.85
24940,51.06,1679.85
24950,51.06,1679.85
24960,51.06,1679.85
24970,51.06,1679.85
24980,51.06,1679.85
24990,51.06,1679.85
25000,51.06,1679.85
25010,51.06,1679.85
25020,51.06,1679.85
25030,51.06,1679.85
25040,51.06,1679.85
25050,51.06,1679.85
25060,51.06,1679.85
25070,51.06,1679.85
25080,51.06,1679.85
25090,51.06,1679.85
25100,51.06,1679.85
25110,51.06,1679.85
25120,51.06,1827.97
25130,51.06,1827.97
25140,51.06,1827.97
25150,51.06,1827.97
25160,51.06,1827.97
25170,51.06,1827.97
25180,51.06,1827.97
25190,51.06,1827.97
25200,51.06,1827.97
25210,51.06,1827.97
25220,51.06,1827.97
25230,51.06,1827.97
25240,51.06,1827.97
25250,51.06,1827.97
25260,51.51,1827.97
25270,51.51,1827.97
25280,51.51,1827.97
25290,51.51,1827.97
25300,51.51,1827.97
25310,51.51,1827.97
25320,51.51,1827.97
25330,51.51,1827.97
25340,51.51,1847.81
25350,51.51,1847.81
25360,51.51,1847.81
25370,51.51,1847.81
25380,51.51,1847.81
25390,51.51,1847.81
25400,51.51,1847.81
25410,51.51,1847.81
25420,51.51,1847.81
25430,51.51,1847.81
25440,51.51,1847.81
25450,51.51,1847.81
25460,51.51,1847.81
25470,51.51,1847.81
25480,51.51,1847.81
25490,51.51,1847.81
25500,51.51,1847.81
25510,51.51,1847.81
25520,51.51,1847.81
25530,51.51,1847.81
25540,51.51,1847.81
25550,51.37,1847.81
25560,51.37,1847.81
25570,51.37,1847.81
25580,51.37,1847.81
25590,51.37,1847.81
25600,51.37,1847.81
25610,51.37,1847.81
25620,51.37,1847.81
25630,51.37,1847.81
25640,51.37,1847.81
25650,51.37,1847.81
25660,51.37,1847.81
25670,51.37,1847.81
25680,51.37,1847.81
25690,51.37,1847.81
25700,51.37,1847.81
25710,51.37,1847.81
25720,51.37,1847.81
25730,51.37,1847.81
25740,51.37,1847.81
25750,51.37,1847.81
25760,51.37,1847.81
25770,51.37,1847.81
25780,51.37,1847.81
25790,51.37,1747.74
25800,51.37,1747.74
25810,51.37,1747.74
25820,51.37,1747.74
25830,51.37,1747.74
25840,51.37,1747.74
25850,51.37,1747.74
25860,51.37,1747.74
25870,51.37,1747.74
25880,51.37,1747.74
25890,51.37,1747.74
25900,51.37,1747.74
25910,51.37,1747.74
25920,51.37,1747.74
25930,51.37,1747.74
25940,51.37,1747.74
25950,51.37,1747.74
25960,51.37,1747.74
25970,51.37,1747.74
25980,51.37,1747.74
25990,51.37,1747.74
26000,51.37,1747.74
26010,51.37,1747.74
26020,51.37,1747.74
26030,51.37,1747.74
26040,50.97,1747.74
26050,50.97,1747.74
26060,50.97,1747.74
26070,50.97,1747.74
26080,50.97,1747.74
26090,50.97,1747.74
26100,50.97,1747.74
26110,50.97,1747.74
26120,50.97,1747.74
26130,50.97,1747.74
26140,50.97,1783.63
26150,50.97,1783.63
26160,50.97,1783.63
26170,50.97,1783.63
26180,50.97,1783.63
26190,50.97,1783.63
26200,50.97,1783.63
26210,50.97,1783.63
26220,50.97,1783.63
26230,50.97,1783.63
26240,50.97,1783.63
26250,50.97,1783.63
26260,50.97,1783.63
26270,50.97,1783.63
26280,50.97,1783.63
26290,50.97,1783.63
26300,50.97,1783.63
26310,50.97,1783.63
26320,50.97,1783.63
26330,50.97,1783.63
26340,50.97,1783.63
26350,50.97,1783.63
26360,50.97,1783.63
26370,50.97,1783.63
26380,50.97,1783.63
26390,50.97,1783.63
26400,51.13,1783.63
26410,51.13,1783.63
26420,51.13,1783.63
26430,51.13,1783.63
26440,51.13,1783.63
26450,51.13,1783.63
26460,51.13,1783.63
26470,51.13,1783.63
26480,51.13,1783.63
26490,51.13,1783.63
26500,51.13,1783.63
26510,51.13,1783.63
26520,51.13,1783.63
26530,51.13,1783.63
26540,51.13,1783.63
26550,51.13,1783.63
26560,51.13,1783.63
26570,51.13,1783.63
26580,51.13,1783.63
26590,51.13,1783.63
26600,51.13,1783.63
26610,51.45,1908.05
26620,51.45,1908.05
26630,51.45,1908.05
26640,51.45,1908.05
26650,51.45,1908.05
26660,51.45,1908.05
26670,51.45,1908.05
26680,51.45,1908.05
26690,51.45,1908.05
26700,51.45,1908.05
26710,51.45,1908.05
26720,51.45,1908.05
26730,51.45,1908.05
26740,51.45,1908.05
26750,51.45,1908.05
26760,51.45,1908.05
26770,51.45,1908.05
26780,51.45,1908.05
26790,51.45,1908.05
26800,51.45,1908.05
26810,51.45,1908.05
26820,51.45,1908.05
26830,51.78,1908.05
26840,51.78,1908.05
26850,51.78,1908.05
26860,51.78,1908.05
26870,51.78,2018.35
26880,51.78,2018.35
26890,51.78,2018.35
26900,51.78,2018.35
26910,51.78,2018.35
26920,51.78,2018.35
26930,51.78,2018.35
26940,51.78,2018.35
26950,51.78,2018.35
26960,51.78,2018.35
26970,51.78,2018.35
26980,51.78,2018.35
26990,51.78,2018.35
27000,51.78,2018.35
27010,51.78,2018.35
27020,51.78,2018.35
27030,51.78,2018.35
27040,51.78,2018.35
27050,51.78,2018.35
27060,51.78,2018.35
27070,51.78,2018.35
27080,51.78,2018.35
27090,51.78,2018.35
27100,51.78,2018.35
27110,51.78,2018.35
27120,51.78,2018.35
27130,51.78,2018.35
27140,51.78,2018.35
27150,51.78,2018.35
27160,52.17,2018.35
27170,52.17,2018.35
27180,52.17,1855.06
27190,52.17,1855.06
27200,52.17,1855.06
27210,52.17,1855.06
27220,52.17,1855.06
27230,52.17,1855.06
27240,52.17,1855.06
27250,52.17,1855.06
27260,52.17,1855.06
27270,52.17,1855.06
27280,52.17,1855.06
27290,52.17,1855.06
27300,52.17,1855.06
27310,52.17,1855.06
27320,52.17,1855.06
27330,52.17,1855.06
27340,52.17,1855.06
27350,52.17,1855.06
27360,52.17,1855.06
27370,52.17,1855.06
27380,52.17,1855.06
27390,52.17,1855.06
27400,52.17,1855.06
27410,52.17,1855.06
27420,52.17,1855.06
27430,51.92,1855.06
27440,51.92,1855.06
27450,51.92,1855.06
27460,51.92,1855.06
27470,51.92,1855.06
27480,51.92,1855.06
27490,51.92,1855.06
27500,51.92,1855.06
27510,51.92,1855.06
27520,51.92,1855.06
27530,51.92,1951.54
27540,51.92,1951.54
27550,51.92,1951.54
27560,51.92,1951.54
27570,51.92,1951.54
27580,51.92,1951.54
27590,51.92,1951.54
27600,51.92,1951.54
27610,51.92,1951.54
27620,51.92,1951.54
27630,51.92,1951.54
27640,51.92,1951.54
27650,51.92,1951.54
27660,51.92,1951.54
27670,51.92,1951.54
27680,51.92,1951.54
27690,51.92,1951.54
27700,51.92,1951.54
27710,51.92,1951.54
27720,51.92,1951.54
27730,51.92,1951.54
27740,51.92,1951.54
27750,51.92,1951.54
27760,51.92,1951.54
27770,51.92,1951.54
27780,51.96,1951.54
27790,51.96,1951.54
27800,51.96,1951.54
27810,51.96,1951.54
27820,51.96,1951.54
27830,51.96,1951.54
27840,51.96,1951.54
27850,51.96,1951.54
27860,51.96,1951.54
27870,51.96,1951.54
27880,51.96,1951.54
27890,51.96,2096.24
27900,51.96,2096.24
27910,51.96,2096.24
27920,51.96,2096.24
27930,51.96,2096.24
27940,51.96,2096.24
27950,51.96,2096.24
27960,51.96,2096.24
27970,51.96,2096.24
27980,51.96,2096.24
27990,51.96,2096.24
28000,51.96,2096.24
28010,51.96,2096.24
28020,51.96,2096.24
28030,51.96,2096.24
28040,51.96,2096.24
28050,51.96,2096.24
28060,51.96,2096.24
28070,51.96,2096.24
28080,51.96,2096.24
28090,51.96,2096.24
28100,51.96,2096.24
28110,51.96,2096.24
28120,51.96,2096.24
28130,51.96,2096.24
28140,51.96,2096.24
28150,51.96,2096.24
28160,51.96,2096.24
28170,51.96,2096.24
28180,51.96,2096.24
28190,51.57,2096.24
28200,51.57,2096.24
28210,51.57,2096.24
28220,51.57,2096.24
28230,51.57,2096.24
28240,51.57,2096.24
28250,51.57,2096.24
28260,51.57,2096.24
28270,51.57,2096.24
28280,51.57,2096.24
28290,51.57,2096.24
28300,51.57,2096.24
28310,51.57,2096.24
28320,51.57,2096.24
28330,51.57,2096.24
28340,51.57,2096.24
28350,51.57,1939.27
28360,51.57,1939.27
28370,51.57,1939.27
28380,51.57,1939.27
28390,51.57,1939.27
28400,51.57,1939.27
28410,51.57,1939.27
28420,51.57,1939.27
28430,51.57,1939.27
28440,51.57,1939.27
28450,51.57,1939.27
28460,51.57,1939.27
28470,52.1,1939.27
28480,52.1,1939.27
28490,52.1,1939.27
28500,52.1,1939.27
28510,52.1,1939.27
28520,52.1,1939.27
28530,52.1,1939.27
28540,52.1,1939.27
28550,52.1,1939.27
28560,52.1,1939.27
28570,52.1,1939.27
28580,52.1,1939.27
28590,52.1,1939.27
28600,52.1,1939.27
28610,52.1,1939.27
28620,52.1,1939.27
28630,52.1,1939.27
28640,52.1,1939.27
28650,52.1,1939.27
28660,52.1,1939.27
28670,52.1,1939.27
28680,52.1,1939.27
28690,52.1,1939.27
28700,52.1,1939.27
28710,52.1,1939.27
28720,52.1,1939.27
28730,52.1,1939.27
28740,52.1,1939.27
28750,52.17,1939.27
28760,52.17,1939.27
28770,52.17,1939.27
28780,52.17,1939.27
28790,52.17,1939.27
28800,52.17,1939.27
28810,52.17,2090.2
28820,52.17,2090.2
28830,52.17,2090.2
28840,52.17,2090.2
28850,52.17,2090.2
28860,52.17,2090.2
28870,52.17,2090.2
28880,52.17,2090.2
28890,52.17,2090.2
28900,52.17,2090.2
28910,52.17,2090.2
28920,52.17,2090.2
28930,52.17,2090.2
28940,52.17,2090.2
28950,52.17,2090.2
28960,52.17,2090.2
28970,51.97,2090.2
28980,51.97,2090.2
28990,51.97,2090.2
29000,51.97,2090.2
29010,51.97,2090.2
29020,51.97,2090.2
29030,51.97,2090.2
29040,51.97,2090.2
29050,51.97,2090.2
29060,51.97,2090.2
29070,51.97,2090.2
29080,51.97,2090.2
29090,51.97,2090.2
29100,51.97,2090.2
29110,51.97,2090.2
29120,51.97,2090.2
29130,51.97,2090.2
29140,51.97,2090.2
29150,51.97,2034.8
29160,51.97,2034.8
29170,51.97,2034.8
29180,51.97,2034.8
29190,51.97,2034.8
29200,51.97,2034.8
29210,51.97,2034.8
29220,51.97,2034.8
29230,51.97,2034.8
29240,51.97,2034.8
29250,51.97,2034.8
29260,51.97,2034.8
29270,51.97,2034.8
29280,51.97,2034.8
29290,51.97,2034.8
29300,51.97,2034.8
29310,52.22,2034.8
29320,52.22,2034.8
29330,52.22,2034.8
29340,52.22,2034.8
29350,52.22,2034.8
29360,52.22,2034.8
29370,52.22,2034.8
29380,52.22,2034.8
29390,52.22,2034.8
29400,52.22,2034.8
29410,52.22,2034.8
29420,52.22,2034.8
29430,52.22,2034.8
29440,52.22,2034.8
29450,52.22,2034.8
29460,52.22,2034.8
29470,52.22,2034.8
29480,52.22,2034.8
29490,52.22,2034.8
29500,52.22,2034.8
29510,52.22,2034.8
29520,52.22,2034.8
29530,52.22,2034.8
29540,52.22,2034.8
29550,52.22,2005.67
29560,52.22,2005.67
29570,52.22,2005.67
29580,52.22,2005.67
29590,52.22,2005.67
29600,52.22,2005.67
29610,52.22,2005.67
29620,52.22,2005.67
29630,52.22,2005.67
29640,52.22,2005.67
29650,52.22,2005.67
29660,52.48,2005.67
29670,52.48,2005.67
29680,52.48,2005.67
29690,52.48,2005.67
29700,52.48,2005.67
29710,52.48,2005.67
29720,52.48,2005.67
29730,52.48,2005.67
29740,52.48,2005.67
29750,52.48,2005.67
29760,52.48,2005.67
29770,52.48,2005.67
29780,52.48,2005.67
29790,52.48,2005.67
29800,52.48,2005.67
29810,52.48,2005.67
29820,52.48,2005.67
29830,52.48,2005.67
29840,52.48,2005.67
29850,52.48,2005.67
29860,52.48,2112.37
29870,52.48,2112.37
29880,52.48,2112.37
29890,52.48,2112.37
29900,52.48,2112.37
29910,52.48,2112.37
29920,52.48,2112.37
29930,52.7,2112.37
29940,52.7,2112.37
29950,52.7,2112.37
29960,52.7,2112.37
29970,52.7,2112.37
29980,52.7,2112.37
29990,52.7,2112.37
30000,52.7,2112.37
30010,52.7,2112.37
30020,52.7,2112.37
30030,52.7,2112.37
30040,52.7,2112.37
30050,52.7,2112.37
30060,52.7,2112.37
30070,52.7,2112.37
30080,52.7,2112.37
30090,52.7,2112.37
30100,52.7,2112.37
30110,52.7,2112.37
30120,52.7,2112.8
30130,52.7,2112.8
30140,53.17,2112.8
30150,53.17,2112.8
30160,53.17,2112.8
30170,53.17,2112.8
30180,53.17,2112.8
30190,53.17,2112.8
30200,53.17,2112.8
30210,53.17,2112.8
30220,53.17,2112.8
30230,53.17,2112.8
30240,53.17,2112.8
30250,53.17,2112.8
30260,53.17,2112.8
30270,53.17,2112.8
30280,53.17,2112.8
30290,53.17,2112.8
30300,53.17,2112.8
30310,53.17,2112.8
30320,53.17,2112.37
30330,53.17,2112.37
30340,53.17,2112.37
30350,53.17,2112.37
30360,53.17,2112.37
30370,53.17,2112.37
30380,53.17,2112.37
30390,53.17,2112.37
30400,53.17,2112.37
30410,53.17,2112.37
30420,53.17,2112.37
30430,53.17,2112.37
30440,53.17,2112.37
30450,53.17,2112.37
30460,53.17,2112.37
30470,53.68,2112.37
30480,53.68,2112.37
30490,53.68,2112.37
30500,53.68,2112.37
30510,53.68,2112.37
30520,53.68,2112.37
30530,53.68,2112.37
30540,53.68,2112.37
30550,53.68,2112.37
30560,53.68,2112.37
30570,53.68,2112.37
30580,53.68,2112.37
30590,53.68,2112.37
30600,53.68,2112.37
30610,53.68,2112.37
30620,53.68,2112.37
30630,53.68,2112.37
30640,53.68,2112.37
30650,53.68,2112.37
30660,53.68,2112.37
30670,53.68,2112.37
30680,53.68,2112.37
30690,53.68,2112.37
30700,53.68,2112.37
30710,53.68,2112.37
30720,53.68,2112.37
30730,53.68,2112.37
30740,53.47,2112.37
30750,53.47,2112.37
30760,53.47,2112.37
30770,53.47,2112.37
30780,53.47,2112.37
30790,53.47,2112.37
30800,53.47,2112.37
30810,53.47,2112.37
30820,53.47,2112.37
30830,53.47,2112.37
30840,53.47,2112.37
30850,53.47,2112.37
30860,53.47,2112.37
30870,53.47,2112.37
30880,53.47,2112.37
30890,53.47,2112.37
30900,53.47,2112.37
30910,53.47,2112.37
30920,53.47,2112.37
30930,53.47,2112.37
30940,53.01,2112.37
30950,53.01,2112.37
30960,53.01,2112.37
30970,53.01,2112.37
30980,53.01,2112.37
30990,53.01,2112.37
31000,53.01,2112.37
31010,53.01,2112.37
31020,53.01,2112.37
31030,53.01,2112.37
31040,53.01,2112.37
31050,53.01,2112.37
31060,53.01,2188.0
31070,53.01,2188.0
31080,53.01,2188.0
31090,53.01,2188.0
31100,53.01,2188.0
31110,53.01,2188.0
31120,53.01,2188.0
31130,53.01,2188.0
31140,53.01,2188.0
31150,53.01,2188.0
31160,53.01,2188.0
31170,53.01,2188.0
31180,53.01,2188.0
31190,53.01,2188.0
31200,53.01,2188.0
31210,53.01,2188.0
31220,53.01,2188.0
31230,53.01,2188.0
31240,53.01,2188.0
31250,53.01,2188.0
31260,53.01,2188.0
31270,53.01,2188.0
31280,53.01,2188.0
31290,53.01,2188.0
31300,53.01,2188.0
31310,53.01,2188.0
31320,53.01,2188.0
31330,53.01,2188.0
31340,53.01,2188.0
31350,53.01,2188.0
31360,53.01,2188.0
31370,53.01,2188.0
31380,53.01,2188.0
31390,53.01,2188.0
31400,53.01,2188.0
31410,53.01,2188.0
31420,53.01,2153.43
31430,53.16,2153.43
31440,53.16,2153.43
31450,53.16,2153.43
31460,53.16,2153.43
31470,53.16,2153.43
31480,53.16,2153.43
31490,53.16,2153.43
31500,53.16,2153.43
31510,53.16,2153.43
31520,53.16,2153.43
31530,53.16,2153.43
31540,53.16,2153.43
31550,53.16,2153.43
31560,53.16,2153.43
31570,53.16,2153.43
31580,53.16,2153.43
31590,53.16,2153.43
31600,53.16,2153.43
31610,53.16,2153.43
31620,53.16,2153.43
31630,53.16,2153.43
31640,53.16,2153.43
31650,53.16,2153.43
31660,53.16,2153.43
31670,53.16,2153.43
31680,53.16,2153.43
31690,53.16,2153.43
31700,52.92,2153.43
31710,52.92,2153.43
31720,52.92,2153.43
31730,52.92,2153.43
31740,52.92,2112.37
31750,52.92,2112.37
31760,52.92,2112.37
31770,52.92,2112.37
31780,52.92,2112.37
31790,52.92,2112.37
31800,52.92,2112.37
31810,52.92,2112.37
31820,52.92,2112.37
31830,52.92,2112.37
31840,52.92,2112.37
31850,52.92,2112.37
31860,52.92,2112.37
31870,52.92,2112.37
31880,52.92,2112.37
31890,52.92,2112.37
31900,52.92,2112.37
31910,52.92,2112.37
31920,52.92,2112.37
31930,52.92,2112.37
31940,52.92,2112.37
31950,52.92,2112.37
31960,52.92,2112.37
31970,52.79,2112.37
31980,52.79,2112.37
31990,52.79,2112.37
32000,52.79,2112.37
32010,52.79,2112.37
32020,52.79,2219.29
32030,52.79,2219.29
32040,52.79,2219.29
32050,52.79,2219.29
32060,52.79,2219.29
32070,52.79,2219.29
32080,52.79,2219.29
32090,52.79,2219.29
32100,52.79,2219.29
32110,52.79,2219.29
32120,52.79,2219.29
32130,52.79,2219.29
32140,52.79,2219.29
32150,52.79,2219.29
32160,52.79,2219.29
32170,52.79,2219.29
32180,52.79,2219.29
32190,52.79,2219.29
32200,52.79,2219.29
32210,52.79,2219.29
32220,52.7,2219.29
32230,52.7,2219.29
32240,52.7,2219.29
32250,52.7,2219.29
32260,52.7,2219.29
32270,52.7,2219.29
32280,52.7,2219.29
32290,52.7,2219.29
32300,52.7,2219.29
32310,52.7,2219.29
32320,52.7,2219.29
32330,52.7,2219.29
32340,52.7,2219.29
32350,52.7,2219.29
32360,52.7,2219.29
32370,52.7,2219.29
32380,52.7,2219.29
32390,52.7,2219.29
32400,52.7,2219.29
32410,52.7,2219.29
32420,52.7,2227.44
32430,52.7,2227.44
32440,52.7,2227.44
32450,52.7,2227.44
32460,52.88,2227.44
32470,52.88,2227.44
32480,52.88,2227.44
32490,52.88,2227.44
32500,52.88,2227.44
32510,52.88,2227.44
32520,52.88,2227.44
32530,52.88,2227.44
32540,52.88,2227.44
32550,52.88,2227.44
32560,52.88,2227.44
32570,52.88,2227.44
32580,52.88,2227.44
32590,52.88,2227.44
32600,52.88,2227.44
32610,52.88,2227.44
32620,52.88,2227.44
32630,52.88,2227.44
32640,52.88,2227.44
32650,52.88,2227.44
32660,52.88,2227.44
32670,52.88,2227.44
32680,52.88,2227.44
32690,52.88,2227.44
32700,52.88,2384.97
32710,52.88,2384.97
32720,52.97,2384.97
32730,52.97,2384.97
32740,52.97,2384.97
32750,52.97,2384.97
32760,52.97,2384.97
32770,52.97,2384.97
32780,52.97,2384.97
32790,52.97,2384.97
32800,52.97,2384.97
32810,52.97,2384.97
32820,52.97,2384.97
32830,52.97,2384.97
32840,52.97,2384.97
32850,52.97,2384.97
32860,52.97,2384.97
32870,52.97,2384.97
32880,52.97,2384.97
32890,52.97,2384.97
32900,52.97,2384.97
32910,52.97,2295.11
32920,52.97,2295.11
32930,52.97,2295.11
32940,52.97,2295.11
32950,52.97,2295.11
32960,52.97,2295.11
32970,52.97,2295.11
32980,52.97,2295.11
32990,52.97,2295.11
33000,52.97,2295.11
33010,52.97,2295.11
33020,52.97,2295.11
33030,52.97,2295.11
33040,52.97,2295.11
33050,52.97,2295.11
33060,52.97,2295.11
33070,52.97,2295.11
33080,52.97,2295.11
33090,52.97,2295.11
33100,52.97,2295.11
33110,52.97,2295.11
33120,53.22,2295.11
33130,53.22,2295.11
33140,53.22,2295.11
33150,53.22,2295.11
33160,53.22,2295.11
33170,53.22,2295.11
33180,53.22,2295.11
33190,53.22,2295.11
33200,53.22,2295.11
33210,53.22,2295.11
33220,53.22,2295.11
33230,53.22,2295.11
33240,53.22,2295.11
33250,53.22,2295.11
33260,53.22,2295.11
33270,53.22,2295.11
33280,53.22,2295.11
33290,53.22,2295.11
33300,53.22,2295.11
33310,53.22,2295.11
33320,53.22,2295.11
33330,53.22,2295.11
33340,53.22,2295.11
33350,53.22,2295.11
33360,53.22,2295.11
33370,53.22,2295.11
33380,53.22,2295.11
33390,53.22,2364.21
33400,53.22,2364.21
33410,53.22,2364.21
33420,53.22,2364.21
33430,53.22,2364.21
33440,53.22,2364.21
33450,53.22,2364.21
33460,53.22,2364.21
33470,53.22,2364.21
33480,53.22,2364.21
33490,53.22,2364.21
33500,53.22,2364.21
33510,53.22,2364.21
33520,53.22,2364.21
33530,53.22,2364.21
33540,53.22,2364.21
33550,53.22,2364.21
33560,53.22,2364.21
33570,53.22,2364.21
33580,52.7,2364.21
33590,52.7,2364.21
33600,52.7,2364.21
33610,52.7,2364.21
33620,52.7,2364.21
33630,52.7,2364.21
33640,52.7,2364.21
33650,52.7,2364.21
33660,52.7,2364.21
33670,52.7,2364.21
33680,52.7,2364.21
33690,52.7,2364.21
33700,52.7,2364.21
33710,52.7,2364.21
33720,52.7,2364.21
33730,52.7,2364.21
33740,52.7,2364.21
33750,52.7,2364.21
33760,52.7,2364.21
33770,52.7,2364.21
33780,52.7,2364.21
33790,52.7,2364.21
33800,52.7,2364.21
33810,52.7,2364.21
33820,53.13,2364.21
33830,53.13,2364.21
33840,53.13,2364.21
33850,53.13,2364.21
33860,53.13,2364.21
33870,53.13,2438.68
33880,53.13,2438.68
33890,53.13,2438.68
33900,53.13,2438.68
33910,53.13,2438.68
33920,53.13,2438.68
33930,53.13,2438.68
33940,53.13,2438.68
33950,53.13,2438.68
33960,53.13,2438.68
33970,53.13,2438.68
33980,53.13,2438.68
33990,53.13,2438.68
34000,53.13,2438.68
34010,53.13,2438.68
34020,53.13,2438.68
34030,53.13,2438.68
34040,53.13,2438.68
34050,53.13,2438.68
34060,53.13,2438.68
34070,53.13,2438.68
34080,53.13,2438.68
34090,53.13,2438.68
34100,52.7,2438.68
34110,52.7,2438.68
34120,52.7,2438.68
34130,52.7,2438.68
34140,52.7,2438.68
34150,52.7,2438.68
34160,52.7,2438.68
34170,52.7,2438.68
34180,52.7,2438.68
34190,52.7,2458.61
34200,52.7,2458.61
34210,52.7,2458.61
34220,52.7,2458.61
34230,52.7,2458.61
34240,52.7,2458.61
34250,52.7,2458.61
34260,52.7,2458.61
34270,52.7,2458.61
34280,52.7,2458.61
34290,52.7,2458.61
34300,52.7,2458.61
34310,52.7,2458.61
34320,52.7,2458.61
34330,52.7,2458.61
34340,52.7,2458.61
34350,52.7,2458.61
34360,52.7,2458.61
34370,52.7,2458.61
34380,52.7,2458.61
34390,52.7,2458.61
34400,52.7,2458.61
34410,52.7,2458.61
34420,52.7,2458.61
34430,52.7,2458.61
34440,52.7,2458.61
34450,52.7,2458.61
34460,52.7,2458.61
34470,52.7,2458.61
34480,52.7,2458.61
34490,52.7,2458.61
34500,52.7,2458.61
34510,52.7,2458.61
34520,52.7,2458.61
34530,52.7,2458.61
34540,52.7,2458.61
34550,52.7,2458.61
34560,52.7,2458.61
34570,52.7,2458.61
34580,52.7,2458.61
34590,53.2,2458.61
34600,53.2,2458.61
34610,53.2,2458.61
34620,53.2,2448.92
34630,53.2,2448.92
34640,53.2,2448.92
34650,53.2,2448.92
34660,53.2,2448.92
34670,53.2,2448.92
34680,53.2,2448.92
34690,53.2,2448.92
34700,53.2,2448.92
34710,53.2,2448.92
34720,53.2,2448.92
34730,53.2,2448.92
34740,53.2,2448.92
34750,53.2,2448.92
34760,53.2,2448.92
34770,53.2,2448.92
34780,53.2,2448.92
34790,53.2,2448.92
34800,53.2,2448.92
34810,53.2,2448.92
34820,53.2,2448.92
34830,53.2,2610.75
34840,53.2,2610.75
34850,53.2,2610.75
34860,53.2,2610.75
34870,53.2,2610.75
34880,53.2,2610.75
34890,53.2,2610.75
34900,53.2,2610.75
34910,53.2,2610.75
34920,53.2,2610.75
34930,53.2,2610.75
34940,53.2,2610.75
34950,53.2,2610.75
34960,53.2,2610.75
34970,53.2,2610.75
34980,53.2,2610.75
34990,53.2,2610.75
35000,53.2,2610.75
35010,53.2,2610.75
35020,53.2,2610.75
35030,53.2,2610.75
35040,53.2,2610.75
35050,53.2,2610.75
35060,53.68,2610.75
35070,53.68,2610.75
35080,53.68,2610.75
35090,53.68,2610.75
35100,53.68,2610.75
35110,53.68,2610.75
35120,53.68,2610.75
35130,53.68,2610.75
35140,53.68,2610.75
35150,53.68,2675.14
35160,53.68,2675.14
35170,53.68,2675.14
35180,53.68,2675.14
35190,53.68,2675.14
35200,53.68,2675.14
35210,53.68,2675.14
35220,53.68,2675.14
35230,53.68,2675.14
35240,53.68,2675.14
35250,53.68,2675.14
35260,53.68,2675.14
35270,53.68,2675.14
35280,53.68,2675.14
35290,53.68,2675.14
35300,53.68,2675.14
35310,53.68,2675.14
35320,53.68,2675.14
35330,53.68,2675.14
35340,53.68,2675.14
35350,53.68,2675.14
35360,53.68,2675.14
35370,53.68,2675.14
35380,53.68,2675.14
35390,53.68,2675.14
35400,53.68,2675.14
35410,53.68,2675.14
35420,53.68,2675.14
35430,53.68,2675.14
35440,53.68,2675.14
35450,53.68,2675.14
35460,53.68,2675.14
35470,53.68,2675.14
35480,53.13,2675.14
35490,53.13,2675.14
35500,53.13,2675.14
35510,53.13,2675.14
35520,53.13,2675.14
35530,53.13,2675.14
35540,53.13,2675.14
35550,53.13,2675.14
35560,53.13,2675.14
35570,53.13,2675.14
35580,53.13,2675.14
35590,53.13,2794.63
35600,53.13,2794.63
35610,53.13,2794.63
35620,53.13,2794.63
35630,53.13,2794.63
35640,53.13,2794.63
35650,53.13,2794.63
35660,53.13,2794.63
35670,53.13,2794.63
35680,53.13,2794.63
35690,53.13,2794.63
35700,53.13,2794.63
35710,53.13,2794.63
35720,53.13,2794.63
35730,53.13,2794.63
35740,53.13,2794.63
35750,53.13,2794.63
35760,53.13,2794.63
35770,53.13,2794.63
35780,53.13,2794.63
35790,53.13,2794.63
35800,53.13,2794.63
35810,53.13,2794.63
35820,53.13,2794.63
35830,53.13,2794.63
35840,53.13,2794.63
35850,53.13,2794.63
35860,53.13,2794.63
35870,53.13,2794.63
35880,53.46,2794.63
35890,53.46,2794.63
35900,53.46,2794.63
35910,53.46,2794.63
35920,53.46,2794.63
35930,53.46,2794.63
35940,53.46,2794.63
35950,53.46,2794.63
35960,53.46,2794.63
35970,53.46,2794.63
35980,53.46,2794.63
35990,53.46,2794.63
36000,53.46,2794.63
36010,53.46,2794.63
36020,53.46,2794.63
36030,53.46,2794.63
36040,53.46,2781.18
36050,53.46,2781.18
36060,53.46,2781.18
36070,53.46,2781.18
36080,53.46,2781.18
36090,53.46,2781.18
36100,53.46,2781.18
36110,53.46,2781.18
36120,53.46,2781.18
36130,53.46,2781.18
36140,53.46,2781.18
36150,53.46,2781.18
36160,53.46,2781.18
36170,53.46,2781.18
36180,53.46,2781.18
36190,53.46,2781.18
36200,53.46,2781.18
36210,53.46,2781.18
36220,53.46,2781.18
36230,53.46,2781.18
36240,53.46,2781.18
36250,53.46,2781.18
36260,53.46,2781.18
36270,53.46,2781.18
36280,53.46,2781.18
36290,53.46,2781.18
36300,53.46,2890.48
36310,53.46,2890.48
36320,53.46,2890.48
36330,53.46,2890.48
36340,53.46,2890.48
36350,53.46,2890.48
36360,53.75,2890.48
36370,53.75,2890.48
36380,53.75,2890.48
36390,53.75,2890.48
36400,53.75,2890.48
36410,53.75,2890.48
36420,53.75,2890.48
36430,53.75,2890.48
36440,53.75,2890.48
36450,53.75,2890.48
36460,53.75,2890.48
36470,53.75,2890.48
36480,53.75,2890.48
36490,53.75,2890.48
36500,53.75,2890.48
36510,53.75,2890.48
36520,53.75,2890.48
36530,53.75,2890.48
36540,53.75,2890.48
36550,53.75,2890.48
36560,53.75,2890.48
36570,53.75,2890.48
36580,53.75,2890.48
36590,53.75,2890.48
36600,53.75,2890.48
36610,53.75,2890.48
36620,53.75,2890.48
36630,53.75,2890.48
36640,53.75,2890.48
36650,53.75,2890.48
36660,53.75,2890.48
36670,53.75,2890.48
36680,53.75,2890.48
36690,53.75,2890.48
36700,53.75,2890.48
36710,54.14,2890.48
36720,54.14,2890.48
36730,54.14,2890.48
36740,54.14,2890.48
36750,54.14,2890.48
36760,54.14,2958.3
36770,54.14,2958.3
36780,54.14,2958.3
36790,54.14,2958.3
36800,54.14,2958.3
36810,54.14,2958.3
36820,54.14,2958.3
36830,54.14,2958.3
36840,54.14,2958.3
36850,54.14,2958.3
36860,54.14,2958.3
36870,54.14,2958.3
36880,54.14,2958.3
36890,54.14,2958.3
36900,54.14,2958.3
36910,54.14,2958.3
36920,53.92,2958.3
36930,53.92,2958.3
36940,53.92,2958.3
36950,53.92,2958.3
36960,53.92,2958.3
36970,53.92,2958.3
36980,53.92,2958.3
36990,53.92,2958.3
37000,53.92,2818.78
37010,53.92,2818.78
37020,53.92,2818.78
37030,53.92,2818.78
37040,53.92,2818.78
37050,53.92,2818.78
37060,53.92,2818.78
37070,53.92,2818.78
37080,53.92,2818.78
37090,53.92,2818.78
37100,53.92,2818.78
37110,53.92,2818.78
37120,53.92,2818.78
37130,53.92,2818.78
37140,53.92,2818.78
37150,53.92,2818.78
37160,53.92,2818.78
37170,54.0,2818.78
37180,54.0,2818.78
37190,54.0,2818.78
37200,54.0,2818.78
37210,54.0,2818.78
37220,54.0,2818.78
37230,54.0,2818.78
37240,54.0,2818.78
37250,54.0,2818.78
37260,54.0,2818.78
37270,54.0,2818.78
37280,54.0,2818.78
37290,54.0,2818.78
37300,54.0,2818.78
37310,54.0,2818.78
37320,54.0,2818.78
37330,54.0,2818.78
37340,54.0,2948.92
37350,54.0,2948.92
37360,54.0,2948.92
37370,54.0,2948.92
37380,54.0,2948.92
37390,54.0,2948.92
37400,54.0,2948.92
37410,54.0,2948.92
37420,54.0,2948.92
37430,53.73,2948.92
37440,53.73,2948.92
37450,53.73,2948.92
37460,53.73,2948.92
37470,53.73,2948.92
37480,53.73,2948.92
37490,53.73,2948.92
37500,53.73,2948.92
37510,53.73,2948.92
37520,53.73,2948.92
37530,53.73,2948.92
37540,53.73,2948.92
37550,53.73,2948.92
37560,53.73,2948.92
37570,53.73,2948.92
37580,53.73,2948.92
37590,53.73,2948.92
37600,53.73,2948.92
37610,53.73,2948.92
37620,53.73,2948.92
37630,53.73,2948.92
37640,53.73,2948.92
37650,53.73,2948.92
37660,53.73,2948.92
37670,53.73,2948.92
37680,53.73,2948.92
37690,53.73,2948.92
37700,53.94,2948.92
37710,53.94,2948.92
37720,53.94,2948.92
37730,53.94,2948.92
37740,53.94,2948.92
37750,53.94,2948.92
37760,53.94,2948.92
37770,53.94,2948.92
37780,53.94,2948.92
37790,53.94,2948.92
37800,53.94,2948.92
37810,53.94,2948.92
37820,53.94,2794.77
37830,53.94,2794.77
37840,53.94,2794.77
37850,53.94,2794.77
37860,53.94,2794.77
37870,53.94,2794.77
37880,53.94,2794.77
37890,53.94,2794.77
37900,53.94,2794.77
37910,53.94,2794.77
37920,53.94,2794.77
37930,53.94,2794.77
37940,53.94,2794.77
37950,53.94,2794.77
37960,53.94,2794.77
37970,53.94,2794.77
37980,53.94,2794.77
37990,53.94,2794.77
38000,53.94,2794.77
38010,53.94,2794.77
38020,53.94,2794.77
38030,53.94,2794.77
38040,53.94,2928.33
38050,53.94,2928.33
38060,53.94,2928.33
38070,53.94,2928.33
38080,53.94,2928.33
38090,54.2,2928.33
38100,54.2,2928.33
38110,54.2,2928.33
38120,54.2,2928.33
38130,54.2,2928.33
38140,54.2,2928.33
38150,54.2,2928.33
38160,54.2,2928.33
38170,54.2,2928.33
38180,54.2,2928.33
38190,54.2,2928.33
38200,54.2,2928.33
38210,54.2,2928.33
38220,54.2,2928.33
38230,54.2,2928.33
38240,54.2,2928.33
38250,54.2,2928.33
38260,54.2,2928.33
38270,54.2,2928.33
38280,54.2,2928.33
38290,54.2,2928.33
38300,54.2,2928.33
38310,54.2,2928.33
38320,54.2,3071.61
38330,54.2,3071.61
38340,54.2,3071.61
38350,54.2,3071.61
38360,54.2,3071.61
38370,54.19,3071.61
38380,54.19,3071.61
38390,54.19,3071.61
38400,54.19,3071.61
38410,54.19,3071.61
38420,54.19,3071.61
38430,54.19,3071.61
38440,54.19,3071.61
38450,54.19,3071.61
38460,54.19,3071.61
38470,54.19,3071.61
38480,54.19,3071.61
38490,54.19,3071.61
38500,54.19,3071.61
38510,54.19,3071.61
38520,54.19,3071.61
38530,54.19,3071.61
38540,54.19,3071.61
38550,54.19,3071.61
38560,54.19,3071.61
38570,54.19,3071.61
38580,54.19,3071.61
38590,54.19,3071.61
38600,54.19,3071.61
38610,54.19,3071.61
38620,54.19,3071.61
38630,54.19,3071.61
38640,54.19,3071.61
38650,54.19,3071.61
38660,54.19,3071.61
38670,54.19,3071.61
38680,54.19,3071.61
38690,54.19,3071.61
38700,54.19,3071.61
38710,54.19,3071.61
38720,54.19,2953.54
38730,54.19,2953.54
38740,54.19,2953.54
38750,54.19,2953.54
38760,54.19,2953.54
38770,54.19,2953.54
38780,54.72,2953.54
38790,54.72,2953.54
38800,54.72,2953.54
38810,54.72,2953.54
38820,54.72,2953.54
38830,54.72,2953.54
38840,54.72,2953.54
38850,54.72,2953.54
38860,54.72,2953.54
38870,54.72,2953.54
38880,54.72,2953.54
38890,54.72,2953.54
38900,54.72,2953.54
38910,54.72,2953.54
38920,54.72,2953.54
38930,54.72,2953.54
38940,54.72,2953.54
38950,54.72,2953.54
38960,54.72,2953.54
38970,54.72,2953.54
38980,54.72,2953.54
38990,54.72,2953.54
39000,54.72,2953.54
39010,54.72,2953.54
39020,54.72,2953.54
39030,54.72,2953.54
39040,54.72,2953.54
39050,54.72,2953.54
39060,54.72,2953.54
39070,54.72,2953.54
39080,54.72,2953.54
39090,54.72,2953.54
39100,54.72,2953.54
39110,54.72,2953.54
39120,54.72,3078.49
39130,54.72,3078.49
39140,54.72,3078.49
39150,54.72,3078.49
39160,54.72,3078.49
39170,54.72,3078.49
39180,54.72,3078.49
39190,54.72,3078.49
39200,54.72,3078.49
39210,54.72,3078.49
39220,54.72,3078.49
39230,54.72,3078.49
39240,54.72,3078.49
39250,54.72,3078.49
39260,54.72,3078.49
39270,54.64,3078.49
39280,54.64,3078.49
39290,54.64,3078.49
39300,54.64,3078.49
39310,54.64,3078.49
39320,54.64,3078.49
39330,54.64,3078.49
39340,54.64,3078.49
39350,54.64,3078.49
39360,54.64,3078.49
39370,54.64,3078.49
39380,54.64,3078.49
39390,54.64,3078.49
39400,54.64,2960.85
39410,54.64,2960.85
39420,54.64,2960.85
39430,54.64,2960.85
39440,54.64,2960.85
39450,54.64,2960.85
39460,54.64,2960.85
39470,54.64,2960.85
39480,54.64,2960.85
39490,54.64,2960.85
39500,54.64,2960.85
39510,54.64,2960.85
39520,54.64,2960.85
39530,54.64,2960.85
39540,54.64,2960.85
39550,54.64,2960.85
39560,54.64,2960.85
39570,54.64,2960.85
39580,54.64,2960.85
39590,54.64,2960.85
39600,54.64,2960.85
39610,54.64,2960.85
39620,54.64,2960.85
39630,54.64,2960.85
39640,54.64,2960.85
39650,54.64,2960.85
39660,54.64,2960.85
39670,54.64,2960.85
39680,54.64,2960.85
39690,54.64,2960.85
39700,54.64,2960.85
39710,54.64,2960.85
39720,54.64,2960.85
39730,54.64,2960.85
39740,54.09,2960.85
39750,54.09,2960.85
39760,54.09,2960.85
39770,54.09,2960.85
39780,54.09,2960.85
39790,54.09,2960.85
39800,54.09,2960.85
39810,54.09,2960.85
39820,54.09,2960.85
39830,54.09,2960.85
39840,54.09,2960.85
39850,54.09,2959.65
39860,54.09,2959.65
39870,54.09,2959.65
39880,54.09,2959.65
39890,54.09,2959.65
39900,54.09,2959.65
39910,54.09,2959.65
39920,54.09,2959.65
39930,54.09,2959.65
39940,54.09,2959.65
39950,54.09,2959.65
39960,54.09,2959.65
39970,54.09,2959.65
39980,54.09,2959.65
39990,54.09,2959.65
40000,54.09,2959.65
40010,54.09,2959.65
40020,54.09,2959.65
40030,54.09,2959.65
40040,54.09,2959.65
40050,54.09,2959.65
40060,54.09,2959.65
40070,54.09,2959.65
40080,54.09,2959.65
40090,54.09,2959.65
40100,54.09,2959.65
40110,54.09,2959.65
40120,54.09,2959.65
40130,54.09,2959.65
40140,54.09,2959.65
40150,54.09,2959.65
40160,54.09,2959.65
40170,54.09,2959.65
40180,54.09,2959.65
40190,54.09,2959.65
40200,54.09,2959.65
40210,54.09,2959.65
40220,54.09,2959.65
40230,54.09,2959.65
40240,54.09,2959.65
40250,54.09,2959.65
40260,54.09,2959.65
40270,54.09,2959.65
40280,54.09,2959.65
40290,54.09,2959.65
40300,54.09,2959.65
40310,54.09,2959.65
40320,54.09,2959.65
40330,54.09,2959.65
40340,54.09,2959.65
40350,54.09,2959.65
40360,54.09,2959.65
40370,54.09,2959.65
40380,54.09,2959.65
40390,54.09,2959.65
40400,54.09,2959.65
40410,54.09,2959.65
40420,54.09,2959.65
40430,54.09,2959.65
40440,54.09,2959.65
40450,54.09,2959.65
40460,54.09,2959.65
40470,54.09,2959.65
40480,54.09,2959.65
40490,54.09,2959.65
40500,54.09,2959.65
40510,54.09,2959.65
40520,54.09,2959.65
40530,54.09,2959.65
40540,54.09,2959.65
40550,54.09,2959.65
40560,54.09,2959.65
40570,54.09,2959.65
40580,54.09,2959.65
40590,54.09,2959.65
40600,54.09,2959.65
40610,54.09,2959.65
40620,54.09,2959.65
40630,54.09,2959.65
40640,54.09,2959.65
40650,54.09,2959.65
40660,54.09,2959.65
40670,54.09,2959.65
40680,54.09,2959.65
40690,54.09,2959.65
40700,54.09,2959.65
40710,54.09,2959.65
40720,54.09,2959.65
40730,54.09,2959.65
40740,54.09,2959.65
40750,54.09,2959.65
40760,54.09,2959.65
40770,54.09,2959.65
40780,54.09,2959.65
40790,54.09,2959.65
40800,54.09,2959.65
40810,54.09,2959.65
40820,54.09,2959.65
40830,54.09,2959.65
40840,54.09,2959.65
40850,54.09,2959.65
40860,54.09,3125.9
40870,54.09,3125.9
40880,54.09,3125.9
40890,54.09,3125.9
40900,54.54,3125.9
40910,54.54,3125.9
40920,54.54,3125.9
40930,54.54,3125.9
40940,54.54,3125.9
40950,54.54,3125.9
40960,54.54,3125.9
40970,54.54,3125.9
40980,54.54,3125.9
40990,54.54,3125.9
41000,54.54,3125.9
41010,54.54,3125.9
41020,54.54,3125.9
41030,54.54,3125.9
41040,54.54,3125.9
41050,54.54,3125.9
41060,54.54,3125.9
41070,54.54,3125.9
41080,54.54,3125.9
41090,54.54,3125.9
41100,54.54,3125.9
41110,54.54,3125.9
41120,54.54,3125.9
41130,54.54,3125.9
41140,54.54,3125.9
41150,54.54,3125.9
41160,54.54,3125.9
41170,54.54,3125.9
41180,54.54,2981.57
41190,54.54,2981.57
41200,54.54,2981.57
41210,54.54,2981.57
41220,54.54,2981.57
41230,54.54,2981.57
41240,54.54,2981.57
41250,54.54,2981.57
41260,54.54,2981.57
41270,54.54,2981.57
41280,54.54,2981.57
41290,54.54,2981.57
41300,54.54,2981.57
41310,54.54,2981.57
41320,54.54,2981.57
41330,54.48,2981.57
41340,54.48,2981.57
41350,54.48,2981.57
41360,54.48,2981.57
41370,54.48,2981.57
41380,54.48,2981.57
41390,54.48,2981.57
41400,54.48,2981.57
41410,54.48,2981.57
41420,54.48,2981.57
41430,54.48,2981.57
41440,54.48,3085.46
41450,54.48,3085.46
41460,54.48,3085.46
41470,54.48,3085.46
41480,54.48,3085.46
41490,54.48,3085.46
41500,54.48,3085.46
41510,54.48,3085.46
41520,54.48,3085.46
41530,54.48,3085.46
41540,54.48,3085.46
41550,54.48,3085.46
41560,54.48,3085.46
41570,54.48,3085.46
41580,54.72,3085.46
41590,54.72,3085.46
41600,54.72,3085.46
41610,54.72,3085.46
41620,54.72,3085.46
41630,54.72,3085.46
41640,54.72,3085.46
41650,54.72,3085.46
41660,54.72,3085.46
41670,54.72,3085.46
41680,54.72,3085.46
41690,54.72,3085.46
41700,54.72,3155.16
41710,54.72,3155.16
41720,54.72,3155.16
41730,54.72,3155.16
41740,54.72,3155.16
41750,54.72,3155.16
41760,54.72,3155.16
41770,54.72,3155.16
41780,54.72,3155.16
41790,54.72,3155.16
41800,54.72,3155.16
41810,54.72,3155.16
41820,54.72,3155.16
41830,54.72,3155.16
41840,54.72,3155.16
41850,54.72,3155.16
41860,54.72,3155.16
41870,54.72,3155.16
41880,54.72,3155.16
41890,54.5,3155.16
41900,54.5,3155.16
41910,54.5,3155.16
41920,54.5,3155.16
41930,54.5,3155.16
41940,54.5,3155.16
41950,54.5,3155.16
41960,54.5,3155.16
41970,54.5,3155.16
41980,54.5,3155.16
41990,54.5,3155.16
42000,54.5,3155.16
42010,54.5,3155.16
42020,54.5,3155.16
42030,54.5,3155.16
42040,54.5,3155.16
42050,54.5,3155.16
42060,54.5,3155.16
42070,54.5,3155.16
42080,54.5,3155.16
42090,54.09,3155.16
42100,54.09,3155.16
42110,54.09,3155.16
42120,54.09,3155.16
42130,54.09,3155.16
42140,54.09,3155.16
42150,54.09,3155.16
42160,54.09,3155.16
42170,54.09,3212.44
42180,54.09,3212.44
42190,54.09,3212.44
42200,54.09,3212.44
42210,54.09,3212.44
42220,54.09,3212.44
42230,54.09,3212.44
42240,54.09,3212.44
42250,54.09,3212.44
42260,54.09,3212.44
42270,54.09,3212.44
42280,54.09,3212.44
42290,54.09,3212.44
42300,54.09,3212.44
42310,54.09,3212.44
42320,54.09,3212.44
42330,54.09,3212.44
42340,54.09,3212.44
42350,54.09,3212.44
42360,54.09,3212.44
42370,54.09,3212.44
42380,54.09,3212.44
42390,54.09,3363.49
42400,54.09,3363.49
42410,54.09,3363.49
42420,54.09,3363.49
42430,54.09,3363.49
42440,54.09,3363.49
42450,54.09,3363.49
42460,54.09,3363.49
42470,54.09,3363.49
42480,54.09,3363.49
42490,54.09,3363.49
42500,54.09,3363.49
42510,54.09,3363.49
42520,54.09,3363.49
42530,54.09,3363.49
42540,54.09,3363.49
42550,54.09,3363.49
42560,54.09,3363.49
42570,54.09,3363.49
42580,54.09,3363.49
42590,54.09,3363.49
42600,54.09,3363.49
42610,54.09,3363.49
42620,54.09,3363.49
42630,54.09,3363.49
42640,54.09,3363.49
42650,54.09,3363.49
42660,54.09,3363.49
42670,54.09,3363.49
42680,54.09,3363.49
42690,54.09,3363.49
42700,54.09,3363.49
42710,54.09,3363.49
42720,54.09,3363.49
42730,54.09,3426.23
42740,54.09,3426.23
42750,54.09,3426.23
42760,54.09,3426.23
42770,54.32,3426.23
42780,54.32,3426.23
42790,54.32,3426.23
42800,54.32,3426.23
42810,54.32,3426.23
42820,54.32,3426.23
42830,54.32,3426.23
42840,54.32,3426.23
42850,54.32,3426.23
42860,54.32,3426.23
42870,54.32,3426.23
42880,54.32,3426.23
42890,54.32,3426.23
42900,54.32,3426.23
42910,54.32,3426.23
42920,54.32,3426.23
42930,54.32,3426.23
42940,54.32,3426.23
42950,54.32,3426.23
42960,54.32,3426.23
42970,54.32,3426.23
42980,54.32,3426.23
42990,54.32,3426.23
43000,54.32,3426.23
43010,54.32,3426.23
43020,54.32,3426.23
43030,54.09,3426.23
43040,54.09,3426.23
43050,54.09,3426.23
43060,54.09,3426.23
43070,54.09,3426.23
43080,54.09,3426.23
43090,54.09,3426.23
43100,54.09,3426.23
43110,54.09,3426.23
43120,54.09,3426.23
43130,54.09,3408.49
43140,54.09,3408.49
43150,54.09,3408.49
43160,54.09,3408.49
43170,54.09,3408.49
43180,54.09,3408.49
43190,54.09,3408.49
43200,54.09,3408.49
43210,54.09,3408.49
43220,54.09,3408.49
43230,54.09,3408.49
43240,54.09,3408.49
43250,54.09,3408.49
43260,54.09,3408.49
43270,54.09,3408.49
43280,54.09,3408.49
43290,54.09,3408.49
43300,54.09,3408.49
43310,54.09,3408.49
43320,54.09,3408.49
43330,54.09,3408.49
43340,54.09,3454.33
43350,54.09,3454.33
43360,54.09,3454.33
43370,54.09,3454.33
43380,54.09,3454.33
43390,54.09,3454.33
43400,54.09,3454.33
43410,54.09,3454.33
43420,54.09,3454.33
43430,54.09,3454.33
43440,54.09,3454.33
43450,54.09,3454.33
43460,54.09,3454.33
43470,54.09,3454.33
43480,54.09,3454.33
43490,54.09,3454.33
43500,54.09,3454.33
43510,54.09,3454.33
43520,54.09,3454.33
43530,54.09,3454.33
43540,54.09,3454.33
43550,54.09,3454.33
43560,54.09,3454.33
43570,54.09,3454.33
43580,54.09,3454.33
43590,54.09,3454.33
43600,54.09,3454.33
43610,54.09,3454.33
43620,54.09,3454.33
43630,54.09,3454.33
43640,54.09,3454.33
43650,54.09,3454.33
43660,54.09,3454.33
43670,54.09,3454.33
43680,54.09,3454.33
43690,54.09,3454.33
43700,54.09,3454.33
43710,54.09,3454.33
43720,54.09,3454.33
43730,54.09,3454.33
43740,54.09,3454.33
43750,54.09,3454.33
43760,54.09,3454.33
43770,54.09,3481.47
43780,54.09,3481.47
43790,54.43,3481.47
43800,54.43,3481.47
43810,54.43,3481.47
43820,54.43,3481.47
43830,54.43,3481.47
43840,54.43,3481.47
43850,54.43,3481.47
43860,54.43,3481.47
43870,54.43,3481.47
43880,54.43,3481.47
43890,54.43,3481.47
43900,54.43,3481.47
43910,54.43,3481.47
43920,54.43,3481.47
43930,54.43,3481.47
43940,54.43,3481.47
43950,54.43,3481.47
43960,54.43,3481.47
43970,54.43,3481.47
43980,54.43,3481.47
43990,54.43,3481.47
44000,54.43,3481.47
44010,54.43,3481.47
44020,54.43,3481.47
44030,54.43,3481.47
44040,54.43,3481.47
44050,54.43,3481.47
44060,54.43,3481.47
44070,54.43,3481.47
44080,54.43,3481.47
44090,54.43,3481.47
44100,54.43,3644.65
44110,54.43,3644.65
44120,54.1,3644.65
44130,54.1,3644.65
44140,54.1,3644.65
44150,54.1,3644.65
44160,54.1,3644.65
44170,54.1,3644.65
44180,54.1,3644.65
44190,54.1,3644.65
44200,54.1,3644.65
44210,54.1,3644.65
44220,54.1,3644.65
44230,54.1,3644.65
44240,54.1,3644.65
44250,54.1,3644.65
44260,54.1,3644.65
44270,54.1,3644.65
44280,54.1,3644.65
44290,54.1,3644.65
44300,54.1,3644.65
44310,54.1,3644.65
44320,54.1,3644.65
44330,54.1,3644.65
44340,54.1,3617.57
44350,54.1,3617.57
44360,54.1,3617.57
44370,54.1,3617.57
44380,54.1,3617.57
44390,54.1,3617.57
44400,54.1,3617.57
44410,54.1,3617.57
44420,54.1,3617.57
44430,54.09,3617.57
44440,54.09,3617.57
44450,54.09,3617.57
44460,54.09,3617.57
44470,54.09,3617.57
44480,54.09,3617.57
44490,54.09,3617.57
44500,54.09,3617.57
44510,54.09,3617.57
44520,54.09,3617.57
44530,54.09,3617.57
44540,54.09,3617.57
44550,54.09,3617.57
44560,54.09,3617.57
44570,54.09,3617.57
44580,54.09,3617.57
44590,54.09,3617.57
44600,54.09,3744.23
44610,54.09,3744.23
44620,54.09,3744.23
44630,54.09,3744.23
44640,54.09,3744.23
44650,54.09,3744.23
44660,54.09,3744.23
44670,54.09,3744.23
44680,54.09,3744.23
44690,54.09,3744.23
44700,54.09,3744.23
44710,54.09,3744.23
44720,54.09,3744.23
44730,54.09,3744.23
44740,54.09,3744.23
44750,54.09,3744.23
44760,54.09,3744.23
44770,54.09,3744.23
44780,54.09,3744.23
44790,54.09,3744.23
44800,54.09,3744.23
44810,54.09,3744.23
44820,54.09,3744.23
44830,54.09,3744.23
44840,54.09,3744.23
44850,54.09,3744.23
44860,54.09,3744.23
44870,54.09,3744.23
44880,54.09,3744.23
44890,54.09,3744.23
44900,54.09,3744.23
44910,54.09,3744.23
44920,54.09,3744.23
44930,54.09,3744.23
44940,54.09,3744.23
44950,54.09,3744.23
44960,54.09,3744.23
44970,54.09,3744.23
44980,54.09,3744.23
44990,54.09,3744.23
45000,54.09,3744.23
45010,54.09,3744.23
45020,54.09,3744.23
45030,54.09,3744.23
45040,54.09,3744.23
45050,54.09,3792.47
45060,54.09,3792.47
45070,54.09,3792.47
45080,54.09,3792.47
45090,54.09,3792.47
45100,54.09,3792.47
45110,54.09,3792.47
45120,54.09,3792.47
45130,54.09,3792.47
45140,54.09,3792.47
45150,54.09,3792.47
45160,54.09,3792.47
45170,54.09,3792.47
45180,54.09,3792.47
45190,54.09,3792.47
45200,54.09,3792.47
45210,54.09,3792.47
45220,54.09,3792.47
45230,54.09,3792.47
45240,54.09,3792.47
45250,54.09,3792.47
45260,54.09,3792.47
45270,54.09,3792.47
45280,54.09,3792.47
45290,54.09,3792.47
45300,54.09,3792.47
45310,54.09,3792.47
45320,54.09,3792.47
45330,54.09,3792.47
45340,54.09,3792.47
45350,54.09,3792.47
45360,54.09,3792.47
45370,54.09,3792.47
45380,54.09,3792.47
45390,54.09,3792.47
45400,54.09,3932.59
45410,54.09,3932.59
45420,54.09,3932.59
45430,54.09,3932.59
45440,54.09,3932.59
45450,54.09,3932.59
45460,54.09,3932.59
45470,54.09,3932.59
45480,54.09,3932.59
45490,54.09,3932.59
45500,54.09,3932.59
45510,54.09,3932.59
45520,54.09,3932.59
45530,54.09,3932.59
45540,54.09,3932.59
45550,54.09,3932.59
45560,54.09,3932.59
45570,54.09,3932.59
45580,54.09,3932.59
45590,54.09,3932.59
45600,54.09,3932.59
45610,54.09,3932.59
45620,54.09,3932.59
45630,54.09,3932.59
45640,54.09,3932.59
45650,54.09,3932.59
45660,54.09,3932.59
45670,54.09,3932.59
45680,54.09,3932.59
45690,54.09,3932.59
45700,54.09,3932.59
45710,54.09,3932.59
45720,54.09,3932.59
45730,54.09,3932.59
45740,54.09,3932.59
45750,54.09,3920.21
45760,54.09,3920.21
45770,54.09,3920.21
45780,54.09,3920.21
45790,54.09,3920.21
45800,54.09,3920.21
45810,54.09,3920.21
45820,54.09,3920.21
45830,54.09,3920.21
45840,54.09,3920.21
45850,54.09,3920.21
45860,54.09,3920.21
45870,54.09,3920.21
45880,54.09,3920.21
45890,54.09,3920.21
45900,54.09,3920.21
45910,54.09,3920.21
45920,54.09,3920.21
45930,54.09,3920.21
45940,54.09,3920.21
45950,54.09,3920.21
45960,54.09,3920.21
45970,54.09,3920.21
45980,54.09,3920.21
45990,54.09,3979.42
46000,54.09,3979.42
46010,54.09,3979.42
46020,54.09,3979.42
46030,54.09,3979.42
46040,54.09,3979.42
46050,54.09,3979.42
46060,54.09,3979.42
46070,54.09,3979.42
46080,54.09,3979.42
46090,54.09,3979.42
46100,54.09,3979.42
46110,54.09,3979.42
46120,54.09,3979.42
46130,54.09,3979.42
46140,54.09,3979.42
46150,54.09,3979.42
46160,54.09,3979.42
46170,54.09,3979.42
46180,54.09,3979.42
46190,54.09,3979.42
46200,54.09,3979.42
46210,54.09,3979.42
46220,54.09,3979.42
46230,54.09,3979.42
46240,54.09,3979.42
46250,54.09,3979.42
46260,54.09,3979.42
46270,54.09,3979.42
46280,54.09,3979.42
46290,54.09,3979.42
46300,54.09,3979.42
46310,54.09,3979.42
46320,54.09,3979.42
46330,54.09,3979.42
46340,54.09,3979.42
46350,54.09,3979.42
46360,54.09,3979.42
46370,54.14,3979.42
46380,54.14,3979.42
46390,54.14,3979.42
46400,54.14,3979.42
46410,54.14,3979.42
46420,54.14,3979.42
46430,54.14,3979.42
46440,54.14,3979.42
46450,54.14,3979.42
46460,54.14,3979.42
46470,54.14,3979.55
46480,54.14,3979.55
46490,54.14,3979.55
46500,54.14,3979.55
46510,54.14,3979.55
46520,54.14,3979.55
46530,54.14,3979.55
46540,54.14,3979.55
46550,54.14,3979.55
46560,54.14,3979.55
46570,54.14,3979.55
46580,54.14,3979.55
46590,54.14,3979.55
46600,54.14,3979.55
46610,54.14,3979.55
46620,54.14,3979.55
46630,54.14,3979.55
46640,54.14,3979.55
46650,54.14,3979.55
46660,54.14,3979.55
46670,54.14,3979.55
46680,54.14,3979.55
46690,54.14,3979.55
46700,54.14,3979.55
46710,54.14,3979.55
46720,54.14,3979.55
46730,54.14,3979.55
46740,54.14,3979.55
46750,54.14,3979.55
46760,54.14,3979.55
46770,54.14,3979.55
46780,54.14,3979.55
46790,54.14,3979.55
46800,54.14,3979.55
46810,54.14,4077.35
46820,54.14,4077.35
46830,54.14,4077.35
46840,54.14,4077.35
46850,54.14,4077.35
46860,54.09,4077.35
46870,54.09,4077.35
46880,54.09,4077.35
46890,54.09,4077.35
46900,54.09,4077.35
46910,54.09,4077.35
46920,54.09,4077.35
46930,54.09,4077.35
46940,54.09,4077.35
46950,54.09,4077.35
46960,54.09,4077.35
46970,54.09,4077.35
46980,54.09,4077.35
46990,54.09,4077.35
47000,54.09,4077.35
47010,54.09,4077.35
47020,54.09,4077.35
47030,54.09,4077.35
47040,54.09,4077.35
47050,54.09,4077.35
47060,54.09,4077.35
47070,54.09,4077.35
47080,54.09,4077.35
47090,54.09,4077.35
47100,54.09,4077.35
47110,54.09,4077.35
47120,54.09,4077.35
47130,54.09,4077.35
47140,54.09,4077.35
47150,54.09,4077.35
47160,54.09,4077.35
47170,54.09,4077.35
47180,54.09,4077.35
47190,54.09,4077.35
47200,54.09,4077.35
47210,54.09,4077.35
47220,54.09,4077.35
47230,54.09,4077.35
47240,54.09,4077.35
47250,54.09,4077.35
47260,54.09,4077.35
47270,54.09,4077.35
47280,54.09,4077.35
47290,54.09,4138.01
47300,54.09,4138.01
47310,54.09,4138.01
47320,54.09,4138.01
47330,54.09,4138.01
47340,54.09,4138.01
47350,54.09,4138.01
47360,54.09,4138.01
47370,54.09,4138.01
47380,54.09,4138.01
47390,54.09,4138.01
47400,54.09,4138.01
47410,54.09,4138.01
47420,54.09,4138.01
47430,54.09,4138.01
47440,54.09,4138.01
47450,54.09,4138.01
47460,54.09,4138.01
47470,54.09,4138.01
47480,54.09,4138.01
47490,54.09,4138.01
47500,54.09,4138.01
47510,54.09,4138.01
47520,54.09,4138.01
47530,54.09,4138.01
47540,54.09,4138.01
47550,54.09,4138.01
47560,54.09,4138.01
47570,54.09,4138.01
47580,54.09,4138.01
47590,54.09,4138.01
47600,54.09,4138.01
47610,54.09,4138.01
47620,54.09,4192.75
47630,54.09,4192.75
47640,54.09,4192.75
47650,54.09,4192.75
47660,54.09,4192.75
47670,54.09,4192.75
47680,54.09,4192.75
47690,54.09,4192.75
47700,54.09,4192.75
47710,54.09,4192.75
47720,54.49,4192.75
47730,54.49,4192.75
47740,54.49,4192.75
47750,54.49,4192.75
47760,54.49,4192.75
47770,54.49,4192.75
47780,54.49,4192.75
47790,54.49,4192.75
47800,54.49,4192.75
47810,54.49,4192.75
47820,54.49,4192.75
47830,54.49,4192.75
47840,54.49,4192.75
47850,54.49,4192.75
47860,54.49,4192.75
47870,54.49,4192.75
47880,54.49,4192.75
47890,54.49,4192.75
47900,54.49,4192.75
47910,54.49,4192.75
47920,54.49,4192.75
47930,54.49,4192.75
47940,54.49,4192.75
47950,54.49,4192.75
47960,54.49,4192.75
47970,54.49,4192.75
47980,54.49,4127.47
47990,54.42,4127.47
48000,54.42,4127.47
48010,54.42,4127.47
48020,54.42,4127.47
48030,54.42,4127.47
48040,54.42,4127.47
48050,54.42,4127.47
48060,54.42,4127.47
48070,54.42,4127.47
48080,54.42,4127.47
48090,54.42,4127.47
48100,54.42,4127.47
48110,54.42,4127.47
48120,54.42,4127.47
48130,54.42,4127.47
48140,54.42,4127.47
48150,54.42,4127.47
48160,54.42,4127.47
48170,54.42,4127.47
48180,54.42,4127.47
48190,54.42,4127.47
48200,54.42,4127.47
48210,54.42,4127.47
48220,54.42,4127.47
48230,54.42,4127.47
48240,54.42,4127.47
48250,54.42,4127.47
48260,54.42,4127.47
48270,54.42,4127.47
48280,54.42,4127.47
48290,54.42,4127.47
48300,54.42,4127.47
48310,54.42,4127.47
48320,54.42,4127.47
48330,54.42,4127.47
48340,54.42,4127.47
48350,54.42,4127.47
48360,54.42,4127.47
48370,54.42,4127.47
48380,54.42,4127.47
48390,54.47,4127.47
48400,54.47,4134.81
48410,54.47,4134.81
48420,54.47,4134.81
48430,54.47,4134.81
48440,54.47,4134.81
48450,54.47,4134.81
48460,54.47,4134.81
48470,54.47,4134.81
48480,54.47,4134.81
48490,54.47,4134.81
48500,54.47,4134.81
48510,54.47,4134.81
48520,54.47,4134.81
48530,54.47,4134.81
48540,54.47,4134.81
48550,54.47,4134.81
48560,54.47,4134.81
48570,54.47,4134.81
48580,54.47,4134.81
48590,54.47,4134.81
48600,54.47,4134.81
48610,54.47,4134.81
48620,54.47,4134.81
48630,54.47,4134.81
48640,54.47,4134.81
48650,54.47,4134.81
48660,54.47,4134.81
48670,54.47,4134.81
48680,54.47,4134.81
48690,54.47,4134.81
48700,54.47,4134.81
48710,54.47,4134.81
48720,54.43,4134.81
48730,54.43,4134.81
48740,54.43,4134.81
48750,54.43,4134.81
48760,54.43,4134.81
48770,54.43,4134.81
48780,54.43,4134.81
48790,54.43,4134.81
48800,54.43,4134.81
48810,54.43,4136.05
48820,54.43,4136.05
48830,54.43,4136.05
48840,54.43,4136.05
48850,54.43,4136.05
48860,54.43,4136.05
48870,54.43,4136.05
48880,54.43,4136.05
48890,54.43,4136.05
48900,54.43,4136.05
48910,54.43,4136.05
48920,54.43,4136.05
48930,54.43,4136.05
48940,54.43,4136.05
48950,54.43,4136.05
48960,54.43,4136.05
48970,54.43,4136.05
48980,54.43,4136.05
48990,54.43,4136.05
49000,54.43,4136.05
49010,54.43,4136.05
49020,54.43,4136.05
49030,54.43,4136.05
49040,54.43,4136.05
49050,54.43,4136.05
49060,54.8,4136.05
49070,54.8,4136.05
49080,54.8,4136.05
49090,54.8,4136.05
49100,54.8,4136.05
49110,54.8,4136.05
49120,54.8,4136.05
49130,54.8,4136.05
49140,54.8,4136.05
49150,54.8,4136.05
49160,54.8,4136.05
49170,54.8,4136.05
49180,54.8,4136.05
49190,54.8,4136.05
49200,54.8,4136.05
49210,54.8,4232.87
49220,54.8,4232.87
49230,54.8,4232.87
49240,54.8,4232.87
49250,54.8,4232.87
49260,54.8,4232.87
49270,54.8,4232.87
49280,54.8,4232.87
49290,54.8,4232.87
49300,54.8,4232.87
49310,54.8,4232.87
49320,54.8,4232.87
49330,54.8,4232.87
49340,54.8,4232.87
49350,54.8,4232.87
49360,54.8,4232.87
49370,54.8,4232.87
49380,54.8,4232.87
49390,54.8,4232.87
49400,54.8,4232.87
49410,54.8,4232.87
49420,54.8,4232.87
49430,54.8,4232.87
49440,54.27,4232.87
49450,54.27,4232.87
49460,54.27,4232.87
49470,54.27,4232.87
49480,54.27,4232.87
49490,54.27,4232.87
49500,54.27,4232.87
49510,54.27,4232.87
49520,54.27,4232.87
49530,54.27,4232.87
49540,54.27,4232.87
49550,54.27,4232.87
49560,54.27,4232.87
49570,54.27,4210.75
49580,54.27,4210.75
49590,54.27,4210.75
49600,54.27,4210.75
49610,54.27,4210.75
49620,54.27,4210.75
49630,54.27,4210.75
49640,54.27,4210.75
49650,54.27,4210.75
49660,54.27,4210.75
49670,54.27,4210.75
49680,54.27,4210.75
49690,54.27,4210.75
49700,54.27,4210.75
49710,54.27,4210.75
49720,54.27,4210.75
49730,54.27,4210.75
49740,54.27,4210.75
49750,54.27,4210.75
49760,54.27,4210.75
49770,54.27,4210.75
49780,54.27,4210.75
49790,54.27,4210.75
49800,54.27,4210.75
49810,54.27,4210.75
49820,54.49,4299.48
49830,54.49,4299.48
49840,54.49,4299.48
49850,54.49,4299.48
49860,54.49,4299.48
49870,54.49,4299.48
49880,54.49,4299.48
49890,54.49,4299.48
49900,54.49,4299.48
49910,54.49,4299.48
49920,54.49,4299.48
49930,54.49,4299.48
49940,54.49,4299.48
49950,54.49,4299.48
49960,54.49,4299.48
49970,54.49,4299.48
49980,54.49,4299.48
49990,54.49,4299.48
50000,54.49,4299.48
50010,54.49,4299.48
50020,54.49,4299.48
50030,54.49,4299.48
50040,54.49,4299.48
50050,54.49,4299.48
50060,54.49,4299.48
50070,54.49,4299.48
50080,54.49,4299.48
50090,54.49,4299.48
50100,54.49,4299.48
50110,54.49,4299.48
50120,54.49,4299.48
50130,54.49,4299.48
50140,54.49,4299.48
50150,54.49,4299.48
50160,54.49,4299.48
50170,54.49,4299.48
50180,54.49,4299.48
50190,54.49,4299.48
50200,54.49,4299.48
50210,54.49,4348.82
50220,54.49,4348.82
50230,54.49,4348.82
50240,54.49,4348.82
50250,54.49,4348.82
50260,54.49,4348.82
50270,54.49,4348.82
50280,54.49,4348.82
50290,54.49,4348.82
50300,54.49,4348.82
50310,54.49,4348.82
50320,54.49,4348.82
50330,54.49,4348.82
50340,54.49,4348.82
50350,54.49,4348.82
50360,54.49,4348.82
50370,54.49,4348.82
50380,54.49,4348.82
50390,54.49,4348.82
50400,54.49,4348.82
50410,54.49,4348.82
50420,54.49,4348.82
50430,54.49,4348.82
50440,54.49,4348.82
50450,54.49,4348.82
50460,54.49,4348.82
50470,54.49,4348.82
50480,54.49,4348.82
50490,54.49,4348.82
50500,54.49,4348.82
50510,54.49,4348.82
50520,54.49,4348.82
50530,54.49,4348.82
50540,54.49,4348.82
50550,54.49,4348.82
50560,54.49,4348.82
50570,54.49,4348.82
50580,54.49,4348.82
50590,54.49,4419.82
50600,54.49,4419.82
50610,54.49,4419.82
50620,54.49,4419.82
50630,54.49,4419.82
50640,54.49,4419.82
50650,54.49,4419.82
50660,54.49,4419.82
50670,54.49,4419.82
50680,54.49,4419.82
50690,54.49,4419.82
50700,54.49,4419.82
50710,54.49,4419.82
50720,54.49,4419.82
50730,54.49,4419.82
50740,54.49,4419.82
50750,54.49,4419.82
50760,54.49,4419.82
50770,54.49,4419.82
50780,54.49,4419.82
50790,54.49,4419.82
50800,54.49,4419.82
50810,54.49,4419.82
50820,54.49,4419.82
50830,54.49,4419.82
50840,54.49,4419.82
50850,54.49,4359.31
50860,54.49,4359.31
50870,54.49,4359.31
50880,54.49,4359.31
50890,54.49,4359.31
50900,54.49,4359.31
50910,54.49,4359.31
50920,54.49,4359.31
50930,54.49,4359.31
50940,54.49,4359.31
50950,54.49,4359.31
50960,54.49,4359.31
50970,54.8,4359.31
50980,54.8,4359.31
50990,54.8,4359.31
51000,54.8,4359.31
51010,54.8,4359.31
51020,54.8,4359.31
51030,54.8,4359.31
51040,54.8,4359.31
51050,54.8,4359.31
51060,54.8,4517.32
51070,54.8,4517.32
51080,54.8,4517.32
51090,54.8,4517.32
51100,54.8,4517.32
51110,54.8,4517.32
51120,54.8,4517.32
51130,54.8,4517.32
51140,54.8,4517.32
51150,54.8,4517.32
51160,54.8,4517.32
51170,54.8,4517.32
51180,54.8,4517.32
51190,54.8,4517.32
51200,54.8,4517.32
51210,54.8,4517.32
51220,54.8,4517.32
51230,54.8,4517.32
51240,54.8,4517.32
51250,54.8,4517.32
51260,54.8,4517.32
51270,55.19,4517.32
51280,55.19,4517.32
51290,55.19,4562.41
51300,55.19,4562.41
51310,55.19,4562.41
51320,55.19,4562.41
51330,55.19,4562.41
51340,55.19,4562.41
51350,55.19,4562.41
51360,55.19,4562.41
51370,55.19,4562.41
51380,55.19,4562.41
51390,55.19,4562.41
51400,55.19,4562.41
51410,55.19,4562.41
51420,55.19,4562.41
51430,55.19,4562.41
51440,55.19,4562.41
51450,55.19,4562.41
51460,55.19,4562.41
51470,55.19,4562.41
51480,55.19,4562.41
51490,55.19,4562.41
51500,55.19,4562.41
51510,55.19,4562.41
51520,55.19,4562.41
51530,55.19,4562.41
51540,55.19,4562.41
51550,55.19,4562.41
51560,55.19,4562.41
51570,55.19,4562.41
51580,55.19,4562.41
51590,55.19,4562.41
51600,55.19,4562.41
51610,55.47,4562.41
51620,55.47,4562.41
51630,55.47,4562.41
51640,55.47,4562.41
51650,55.47,4562.41
51660,55.47,4562.41
51670,55.47,4562.41
51680,55.47,4562.41
51690,55.47,4562.41
51700,55.47,4501.08
51710,55.47,4501.08
51720,55.47,4501.08
51730,55.47,4501.08
51740,55.47,4501.08
51750,55.47,4501.08
51760,55.47,4501.08
51770,55.47,4501.08
51780,55.47,4501.08
51790,55.47,4501.08
51800,55.47,4501.08
51810,55.47,4501.08
51820,55.47,4501.08
51830,55.61,4501.08
51840,55.61,4501.08
51850,55.61,4501.08
51860,55.61,4501.08
51870,55.61,4501.08
51880,55.61,4501.08
51890,55.61,4501.08
51900,55.61,4501.08
51910,55.61,4501.08
51920,55.61,4501.08
51930,55.61,4501.08
51940,55.61,4501.08
51950,55.61,4501.08
51960,55.61,4501.08
51970,55.61,4501.08
51980,55.61,4561.54
51990,55.61,4561.54
52000,55.61,4561.54
52010,55.61,4561.54
52020,55.61,4561.54
52030,55.61,4561.54
52040,55.61,4561.54
52050,55.61,4561.54
52060,55.61,4561.54
52070,55.61,4561.54
52080,55.61,4561.54
52090,55.61,4561.54
52100,55.61,4561.54
52110,55.61,4561.54
52120,55.61,4561.54
52130,55.61,4561.54
52140,55.61,4561.54
52150,55.61,4561.54
52160,55.61,4561.54
52170,55.61,4561.54
52180,55.61,4561.54
52190,56.05,4561.54
52200,56.05,4561.54
52210,56.05,4561.54
52220,56.05,4561.54
52230,56.05,4561.54
52240,56.05,4561.54
52250,56.05,4561.54
52260,56.05,4604.44
52270,56.05,4604.44
52280,56.05,4604.44
52290,56.05,4604.44
52300,56.05,4604.44
52310,56.05,4604.44
52320,56.05,4604.44
52330,56.05,4604.44
52340,56.05,4604.44
52350,56.05,4604.44
52360,56.05,4604.44
52370,56.05,4604.44
52380,56.05,4604.44
52390,56.05,4604.44
52400,56.05,4604.44
52410,56.05,4604.44
52420,56.05,4604.44
52430,56.05,4604.44
52440,56.05,4604.44
52450,56.05,4604.44
52460,56.05,4604.44
52470,56.05,4604.44
52480,56.05,4604.44
52490,56.05,4604.44
52500,56.05,4604.44
52510,56.05,4604.44
52520,56.05,4604.44
52530,56.05,4604.44
52540,56.05,4604.44
52550,56.05,4604.44
52560,56.05,4604.44
52570,56.05,4604.44
52580,56.05,4604.44
52590,56.05,4604.44
52600,56.01,4604.44
52610,56.01,4604.44
52620,56.01,4604.44
52630,56.01,4604.44
52640,56.01,4604.44
52650,56.01,4604.44
52660,56.01,4604.44
52670,56.01,4604.44
52680,56.01,4604.44
52690,56.01,4604.44
52700,56.01,4604.44
52710,56.01,4604.44
52720,56.01,4604.44
52730,56.01,4604.44
52740,56.01,4604.44
52750,56.01,4513.0
52760,56.01,4513.0
52770,56.01,4513.0
52780,56.01,4513.0
52790,56.01,4513.0
52800,56.01,4513.0
52810,56.01,4513.0
52820,56.01,4513.0
52830,56.01,4513.0
52840,56.01,4513.0
52850,56.01,4513.0
52860,56.01,4513.0
52870,56.01,4513.0
52880,56.01,4513.0
52890,56.01,4513.0
52900,56.01,4513.0
52910,56.01,4513.0
52920,56.01,4513.0
52930,56.01,4513.0
52940,56.01,4513.0
52950,56.01,4513.0
52960,56.01,4513.0
52970,56.01,4513.0
52980,56.01,4513.0
52990,56.01,4513.0
53000,56.01,4513.0
53010,56.01,4513.0
53020,56.01,4513.0
53030,56.01,4513.0
53040,56.01,4513.0
53050,56.01,4513.0
53060,56.01,4513.0
53070,56.01,4513.0
53080,56.01,4513.0
53090,56.34,4513.0
53100,56.34,4513.0
53110,56.34,4516.65
53120,56.34,4516.65
53130,56.34,4516.65
53140,56.34,4516.65
53150,56.34,4516.65
53160,56.34,4516.65
53170,56.34,4516.65
53180,56.34,4516.65
53190,56.34,4516.65
53200,56.34,4516.65
53210,56.34,4516.65
53220,56.34,4516.65
53230,56.34,4516.65
53240,56.34,4516.65
53250,56.34,4516.65
53260,56.34,4516.65
53270,56.34,4516.65
53280,56.34,4516.65
53290,56.34,4516.65
53300,56.34,4516.65
53310,56.34,4516.65
53320,56.34,4516.65
53330,56.34,4516.65
53340,56.34,4516.65
53350,56.34,4516.65
53360,56.34,4516.65
53370,56.34,4516.65
53380,56.34,4516.65
53390,56.34,4516.65
53400,56.34,4516.65
53410,56.34,4516.65
53420,55.97,4516.65
53430,55.97,4516.65
53440,55.97,4516.65
53450,55.97,4516.65
53460,55.97,4516.65
53470,55.97,4516.65
53480,55.97,4516.65
53490,55.97,4678.48
53500,55.97,4678.48
53510,55.97,4678.48
53520,55.97,4678.48
53530,55.97,4678.48
53540,55.97,4678.48
53550,55.97,4678.48
53560,55.97,4678.48
53570,55.97,4678.48
53580,55.97,4678.48
53590,55.97,4678.48
53600,55.97,4678.48
53610,55.97,4678.48
53620,55.97,4678.48
53630,55.97,4678.48
53640,55.97,4678.48
53650,55.97,4678.48
53660,55.97,4678.48
53670,55.97,4678.48
53680,55.97,4678.48
53690,55.97,4678.48
53700,55.97,4678.48
53710,55.97,4678.48
53720,55.97,4678.48
53730,55.97,4678.48
53740,55.97,4678.48
53750,55.97,4678.48
53760,56.35,4678.48
53770,56.35,4678.48
53780,56.35,4678.48
53790,56.35,4678.48
53800,56.35,4678.48
53810,56.35,4678.48
53820,56.35,4678.48
53830,56.35,4678.48
53840,56.35,4678.48
53850,56.35,4678.48
53860,56.35,4678.48
53870,56.35,4678.48
53880,56.35,4678.48
53890,56.35,4565.74
53900,56.35,4565.74
53910,56.35,4565.74
53920,56.35,4565.74
53930,56.35,4565.74
53940,56.35,4565.74
53950,56.35,4565.74
53960,56.35,4565.74
53970,56.35,4565.74
53980,56.35,4565.74
53990,56.35,4565.74
54000,56.35,4565.74
54010,56.35,4565.74
54020,56.35,4565.74
54030,56.35,4565.74
54040,56.35,4565.74
54050,56.35,4565.74
54060,56.35,4565.74
54070,56.35,4565.74
54080,56.35,4565.74
54090,56.35,4565.74
54100,56.35,4565.74
54110,56.35,4565.74
54120,56.35,4565.74
54130,56.35,4565.74
54140,56.35,4565.74
54150,56.18,4565.74
54160,56.18,4565.74
54170,56.18,4565.74
54180,56.18,4565.74
54190,56.18,4565.74
54200,56.18,4565.74
54210,56.18,4565.74
54220,56.18,4727.07
54230,56.18,4727.07
54240,56.18,4727.07
54250,56.18,4727.07
54260,56.18,4727.07
54270,56.18,4727.07
54280,56.18,4727.07
54290,56.18,4727.07
54300,56.18,4727.07
54310,56.18,4727.07
54320,56.18,4727.07
54330,56.18,4727.07
54340,56.18,4727.07
54350,56.18,4727.07
54360,56.18,4727.07
54370,56.18,4727.07
54380,56.18,4727.07
54390,55.68,4727.07
54400,55.68,4727.07
54410,55.68,4727.07
54420,55.68,4589.43
54430,55.68,4589.43
54440,55.68,4589.43
54450,55.68,4589.43
54460,55.68,4589.43
54470,55.68,4589.43
54480,55.68,4589.43
54490,55.68,4589.43
54500,55.68,4589.43
54510,55.68,4589.43
54520,55.68,4589.43
54530,55.68,4589.43
54540,55.68,4589.43
54550,55.68,4589.43
54560,55.68,4589.43
54570,55.68,4589.43
54580,55.68,4589.43
54590,55.68,4589.43
54600,55.68,4589.43
54610,55.68,4589.43
54620,55.68,4589.43
54630,55.68,4589.43
54640,55.68,4589.43
54650,55.68,4589.43
54660,55.68,4589.43
54670,55.68,4589.43
54680,55.68,4589.43
54690,55.68,4589.43
54700,55.68,4589.43
54710,55.68,4589.43
54720,55.68,4589.43
54730,55.68,4589.43
54740,55.68,4589.43
54750,55.68,4589.43
54760,55.68,4589.43
54770,55.68,4589.43
54780,55.68,4589.43
54790,55.68,4589.43
54800,55.68,4589.43
54810,55.68,4589.43
54820,55.68,4672.97
54830,55.68,4672.97
54840,55.68,4672.97
54850,55.9,4672.97
54860,55.9,4672.97
54870,55.9,4672.97
54880,55.9,4672.97
54890,55.9,4672.97
54900,55.9,4672.97
54910,55.9,4672.97
54920,55.9,4672.97
54930,55.9,4672.97
54940,55.9,4672.97
54950,55.9,4672.97
54960,55.9,4672.97
54970,55.9,4672.97
54980,55.9,4672.97
54990,55.9,4672.97
55000,55.9,4672.97
55010,55.9,4672.97
55020,55.9,4672.97
55030,55.9,4672.97
55040,55.9,4672.97
55050,55.9,4672.97
55060,55.9,4672.97
55070,55.9,4672.97
55080,55.9,4672.97
55090,55.9,4672.97
55100,55.9,4672.97
55110,55.9,4672.97
55120,55.9,4672.97
55130,55.9,4672.97
55140,55.9,4672.97
55150,55.9,4672.97
55160,55.9,4672.97
55170,55.9,4672.97
55180,55.9,4672.97
55190,55.9,4672.97
55200,55.9,4672.97
55210,55.9,4672.97
55220,55.9,4672.97
55230,55.9,4672.97
55240,55.9,4672.97
55250,55.9,4672.97
55260,55.9,4672.97
55270,56.29,4672.97
55280,56.29,4672.97
55290,56.29,4672.97
55300,56.29,4755.84
55310,56.29,4755.84
55320,56.29,4755.84
55330,56.29,4755.84
55340,56.29,4755.84
55350,56.29,4755.84
55360,56.29,4755.84
55370,56.29,4755.84
55380,56.29,4755.84
55390,56.29,4755.84
55400,56.29,4755.84
55410,56.29,4755.84
55420,56.29,4755.84
55430,56.29,4755.84
55440,56.29,4755.84
55450,56.29,4755.84
55460,56.29,4755.84
55470,56.29,4755.84
55480,56.29,4755.84
55490,56.29,4755.84
55500,56.29,4755.84
55510,56.29,4755.84
55520,56.29,4755.84
55530,56.29,4755.84
55540,56.29,4755.84
55550,56.29,4755.84
55560,56.29,4755.84
55570,56.29,4755.84
55580,56.29,4743.7
55590,56.29,4743.7
55600,56.29,4743.7
55610,56.29,4743.7
55620,56.29,4743.7
55630,56.29,4743.7
55640,56.29,4743.7
55650,56.29,4743.7
55660,56.29,4743.7
55670,56.29,4743.7
55680,56.29,4743.7
55690,56.29,4743.7
55700,56.83,4743.7
55710,56.83,4743.7
55720,56.83,4743.7
55730,56.83,4743.7
55740,56.83,4743.7
55750,56.83,4743.7
55760,56.83,4743.7
55770,56.83,4743.7
55780,56.83,4743.7
55790,56.83,4743.7
55800,56.83,4743.7
55810,56.83,4743.7
55820,56.83,4743.7
55830,56.83,4743.7
55840,56.83,4743.7
55850,56.83,4743.7
55860,56.83,4743.7
55870,56.83,4743.7
55880,56.83,4743.7
55890,56.83,4743.7
55900,56.83,4743.7
55910,56.83,4743.7
55920,56.83,4743.7
55930,56.83,4743.7
55940,56.83,4743.7
55950,57.33,4743.7
55960,57.33,4743.7
55970,57.33,4743.7
55980,57.33,4743.7
55990,57.33,4743.7
56000,57.33,4743.7
56010,57.33,4743.7
56020,57.33,4743.7
56030,57.33,4679.67
56040,57.33,4679.67
56050,57.33,4679.67
56060,57.33,4679.67
56070,57.33,4679.67
56080,57.33,4679.67
56090,57.33,4679.67
56100,57.33,4679.67
56110,57.33,4679.67
56120,57.33,4679.67
56130,57.33,4679.67
56140,57.33,4679.67
56150,57.33,4679.67
56160,57.33,4679.67
56170,57.33,4679.67
56180,57.33,4679.67
56190,57.33,4679.67
56200,57.33,4679.67
56210,57.33,4679.67
56220,57.33,4679.67
56230,57.33,4679.67
56240,57.33,4679.67
56250,57.33,4679.67
56260,57.33,4679.67
56270,57.33,4679.67
56280,56.9,4679.67
56290,56.9,4679.67
56300,56.9,4792.86
56310,56.9,4792.86
56320,56.9,4792.86
56330,56.9,4792.86
56340,56.9,4792.86
56350,56.9,4792.86
56360,56.9,4792.86
56370,56.9,4792.86
56380,56.9,4792.86
56390,56.9,4792.86
56400,56.9,4792.86
56410,56.9,4792.86
56420,56.9,4792.86
56430,56.9,4792.86
56440,56.9,4792.86
56450,56.9,4792.86
56460,56.9,4792.86
56470,56.9,4792.86
56480,56.9,4792.86
56490,56.9,4792.86
56500,56.9,4792.86
56510,56.9,4792.86
56520,56.9,4792.86
56530,56.9,4792.86
56540,56.9,4792.86
56550,56.9,4792.86
56560,56.9,4792.86
56570,56.9,4792.86
56580,56.9,4792.86
56590,56.9,4792.86
56600,56.9,4792.86
56610,56.9,4792.86
56620,56.9,4792.86
56630,56.9,4792.86
56640,56.9,4792.86
56650,56.9,4792.86
56660,56.47,4792.86
56670,56.47,4792.86
56680,56.47,4792.86
56690,56.47,4792.86
56700,56.47,4662.57
56710,56.47,4662.57
56720,56.47,4662.57
56730,56.47,4662.57
56740,56.47,4662.57
56750,56.47,4662.57
56760,56.47,4662.57
56770,56.47,4662.57
56780,56.47,4662.57
56790,56.47,4662.57
56800,56.47,4662.57
56810,56.47,4662.57
56820,56.47,4662.57
56830,56.47,4662.57
56840,56.47,4662.57
56850,56.47,4662.57
56860,56.47,4662.57
56870,56.47,4662.57
56880,56.47,4662.57
56890,56.47,4662.57
56900,56.47,4508.75
56910,56.47,4508.75
56920,56.47,4508.75
56930,56.47,4508.75
56940,56.47,4508.75
56950,56.47,4508.75
56960,56.47,4508.75
56970,56.47,4508.75
56980,56.47,4508.75
56990,56.47,4508.75
57000,56.47,4508.75
57010,56.47,4508.75
57020,56.47,4508.75
57030,56.47,4508.75
57040,56.47,4508.75
57050,56.47,4508.75
57060,56.47,4508.75
57070,56.47,4508.75
57080,56.47,4508.75
57090,56.47,4508.75
57100,56.47,4508.75
57110,56.47,4508.75
57120,56.47,4508.75
57130,56.47,4508.75
57140,56.55,4508.75
57150,56.55,4400.88
57160,56.55,4400.88
57170,56.55,4400.88
57180,56.55,4400.88
57190,56.55,4400.88
57200,56.55,4400.88
57210,56.55,4400.88
57220,56.55,4400.88
57230,56.55,4400.88
57240,56.55,4400.88
57250,56.55,4400.88
57260,56.55,4400.88
57270,56.55,4400.88
57280,56.55,4400.88
57290,56.55,4400.88
57300,56.55,4400.88
57310,56.55,4400.88
57320,56.55,4400.88
57330,56.55,4400.88
57340,56.55,4400.88
57350,56.55,4400.88
57360,56.55,4400.88
57370,56.55,4400.88
57380,56.55,4400.88
57390,56.55,4400.88
57400,56.55,4400.88
57410,56.55,4400.88
57420,56.55,4400.88
57430,56.55,4400.88
57440,56.55,4400.88
57450,56.55,4400.88
57460,56.55,4400.88
57470,56.55,4400.88
57480,56.55,4400.88
57490,56.33,4400.88
57500,56.33,4400.88
57510,56.33,4400.88
57520,56.33,4400.88
57530,56.33,4400.88
57540,56.33,4400.88
57550,56.33,4400.88
57560,56.33,4565.6
57570,56.33,4565.6
57580,56.33,4565.6
57590,56.33,4565.6
57600,56.33,4565.6
57610,56.33,4565.6
57620,56.33,4565.6
57630,56.33,4565.6
57640,56.33,4565.6
57650,56.33,4565.6
57660,56.33,4565.6
57670,56.33,4565.6
57680,56.33,4565.6
57690,56.33,4565.6
57700,56.33,4565.6
57710,56.33,4565.6
57720,56.33,4565.6
57730,56.33,4565.6
57740,56.33,4565.6
57750,56.33,4565.6
57760,56.33,4565.6
57770,56.33,4565.6
57780,56.33,4565.6
57790,56.33,4565.6
57800,56.33,4565.6
57810,56.33,4565.6
57820,56.33,4565.6
57830,55.96,4565.6
57840,55.96,4565.6
57850,55.96,4565.6
57860,55.96,4565.6
57870,55.96,4569.72
57880,55.96,4569.72
57890,55.96,4569.72
57900,55.96,4569.72
57910,55.96,4569.72
57920,55.96,4569.72
57930,55.96,4569.72
57940,55.96,4569.72
57950,55.96,4569.72
57960,55.96,4569.72
57970,55.96,4569.72
57980,55.96,4569.72
57990,55.96,4569.72
58000,55.96,4569.72
58010,55.96,4569.72
58020,55.96,4569.72
58030,55.96,4569.72
58040,55.96,4569.72
58050,55.95,4569.72
58060,55.95,4569.72
58070,55.95,4540.24
58080,55.95,4540.24
58090,55.95,4540.24
58100,55.95,4540.24
58110,55.95,4540.24
58120,55.95,4540.24
58130,55.95,4540.24
58140,55.95,4540.24
58150,55.95,4540.24
58160,55.95,4540.24
58170,55.95,4540.24
58180,55.95,4540.24
58190,55.95,4540.24
58200,55.95,4540.24
58210,55.95,4540.24
58220,55.95,4540.24
58230,55.95,4540.24
58240,55.95,4540.24
58250,55.95,4540.24
58260,55.95,4540.24
58270,55.95,4540.24
58280,55.95,4540.24
58290,55.95,4540.24
58300,55.95,4540.24
58310,55.95,4540.24
58320,55.95,4540.24
58330,55.95,4540.24
58340,55.95,4540.24
58350,55.95,4540.24
58360,55.95,4540.24
58370,55.95,4540.24
58380,55.95,4540.24
58390,55.95,4540.24
58400,55.95,4540.24
58410,55.95,4540.24
58420,56.47,4540.24
58430,56.47,4540.24
58440,56.47,4540.24
58450,56.47,4540.24
58460,56.47,4540.24
58470,56.47,4540.24
58480,56.47,4540.24
58490,56.47,4540.24
58500,56.47,4540.24
58510,56.47,4606.03
58520,56.47,4606.03
58530,56.47,4606.03
58540,56.47,4606.03
58550,56.47,4606.03
58560,56.47,4606.03
58570,56.47,4606.03
58580,56.47,4606.03
58590,56.47,4606.03
58600,56.47,4606.03
58610,56.47,4606.03
58620,56.47,4606.03
58630,56.47,4606.03
58640,56.47,4606.03
58650,56.47,4606.03
58660,56.1,4606.03
58670,56.1,4606.03
58680,56.1,4606.03
58690,56.1,4606.03
58700,56.1,4606.03
58710,56.1,4606.03
58720,56.1,4606.03
58730,56.1,4606.03
58740,56.1,4606.03
58750,56.1,4606.03
58760,56.1,4606.03
58770,56.1,4606.03
58780,56.1,4606.03
58790,56.1,4606.03
58800,56.1,4606.03
58810,56.1,4606.03
58820,56.1,4606.03
58830,56.1,4606.03
58840,56.1,4606.03
58850,56.1,4606.03
58860,56.1,4606.03
58870,56.1,4606.03
58880,56.1,4606.03
58890,56.1,4606.03
58900,56.1,4606.03
58910,56.1,4606.03
58920,56.1,4606.03
58930,56.1,4606.03
58940,56.1,4606.03
58950,56.1,4606.03
58960,55.75,4606.03
58970,55.75,4606.03
58980,55.75,4606.03
58990,55.75,4606.03
59000,55.75,4602.16
59010,55.75,4602.16
59020,55.75,4602.16
59030,55.75,4602.16
59040,55.75,4602.16
59050,55.75,4602.16
59060,55.75,4602.16
59070,55.75,4602.16
59080,55.75,4602.16
59090,55.75,4602.16
59100,55.75,4602.16
59110,55.75,4602.16
59120,55.75,4602.16
59130,55.75,4602.16
59140,55.75,4602.16
59150,55.75,4602.16
59160,55.75,4602.16
59170,55.75,4602.16
59180,55.75,4602.16
59190,55.75,4602.16
59200,55.75,4602.16
59210,55.75,4602.16
59220,55.75,4602.16
59230,55.75,4602.16
59240,55.75,4602.16
59250,55.75,4602.16
59260,55.75,4602.16
59270,55.75,4602.16
59280,55.75,4602.16
59290,55.75,4602.16
59300,55.75,4595.83
59310,55.75,4595.83
59320,55.75,4595.83
59330,55.75,4595.83
59340,55.75,4595.83
59350,55.75,4595.83
59360,55.75,4595.83
59370,55.75,4595.83
59380,55.75,4595.83
59390,55.75,4595.83
59400,55.75,4595.83
59410,55.75,4595.83
59420,55.75,4595.83
59430,55.75,4595.83
59440,55.97,4595.83
59450,55.97,4595.83
59460,55.97,4595.83
59470,55.97,4595.83
59480,55.97,4595.83
59490,55.97,4595.83
59500,55.97,4595.83
59510,55.97,4595.83
59520,55.97,4595.83
59530,55.97,4595.83
59540,55.97,4595.83
59550,55.97,4595.83
59560,55.97,4595.83
59570,55.97,4595.83
59580,55.97,4595.83
59590,55.97,4595.83
59600,55.97,4595.83
59610,55.97,4595.83
59620,55.97,4595.83
59630,55.97,4595.83
59640,55.97,4732.68
59650,55.97,4732.68
59660,55.97,4732.68
59670,55.97,4732.68
59680,55.97,4732.68
59690,55.97,4732.68
59700,55.97,4732.68
59710,55.97,4732.68
59720,55.97,4732.68
59730,55.97,4732.68
59740,55.97,4732.68
59750,55.97,4732.68
59760,55.97,4732.68
59770,55.97,4732.68
59780,55.97,4732.68
59790,55.97,4732.68
59800,55.97,4732.68
59810,55.97,4732.68
59820,55.97,4732.68
59830,55.97,4732.68
59840,55.97,4732.68
59850,56.02,4732.68
59860,56.02,4732.68
59870,56.02,4732.68
59880,56.02,4732.68
59890,56.02,4839.14
59900,56.02,4839.14
59910,56.02,4839.14
59920,56.02,4839.14
59930,56.02,4839.14
59940,56.02,4839.14
59950,56.02,4839.14
59960,56.02,4839.14
59970,56.02,4839.14
59980,56.02,4839.14
59990,56.02,4839.14
60000,56.02,4839.14
60010,56.02,4839.14
60020,56.02,4839.14
60030,56.02,4839.14
60040,56.02,4839.14
60050,56.02,4839.14
60060,56.02,4839.14
60070,56.02,4839.14
60080,56.02,4839.14
60090,56.02,4839.14
60100,56.34,4839.14
60110,56.34,4839.14
60120,56.34,4839.14
60130,56.34,4839.14
60140,56.34,4839.14
60150,56.34,4839.14
60160,56.34,4839.14
60170,56.34,4839.14
60180,56.34,4839.14
60190,56.34,4839.14
60200,56.34,4839.14
60210,56.34,4839.14
60220,56.34,4839.14
60230,56.34,4839.14
60240,56.34,4839.14
60250,56.34,4839.14
60260,56.34,4839.14
60270,56.34,4839.14
60280,56.34,4839.14
60290,56.34,4839.14
60300,56.34,4839.14
60310,56.34,4839.14
60320,56.34,4839.14
60330,56.34,4839.14
60340,56.34,4839.14
60350,56.34,4839.14
60360,56.34,4839.14
60370,56.47,4839.14
60380,56.47,4839.14
60390,56.47,4839.14
60400,56.47,4839.14
60410,56.47,4839.14
60420,56.47,4839.14
60430,56.47,4839.14
60440,56.47,4839.14
60450,56.47,4839.14
60460,56.47,4839.14
60470,56.47,4839.14
60480,56.47,4839.14
60490,56.47,4839.14
60500,56.47,4839.14
60510,56.47,4839.14
60520,56.47,4839.14
60530,56.47,4839.14
60540,56.47,4839.14
60550,56.47,4839.14
60560,56.47,4839.14
60570,56.47,4839.14
60580,56.47,4839.14
60590,56.47,4839.14
60600,56.47,4839.14
60610,56.47,4839.14
60620,56.47,4839.14
60630,56.47,4839.14
60640,56.47,4839.14
60650,56.47,4839.14
60660,56.47,4839.14
60670,56.47,4839.14
60680,56.11,4839.14
60690,56.11,4839.14
60700,56.11,4839.14
60710,56.11,4839.14
60720,56.11,4839.14
60730,56.11,4839.14
60740,56.11,4839.14
60750,56.11,4839.14
60760,56.11,4839.14
60770,56.11,4839.14
60780,56.11,4839.14
60790,56.11,4839.14
60800,56.11,4839.14
60810,56.11,4839.14
60820,56.11,4839.14
60830,56.11,4839.14
60840,56.11,4839.14
60850,56.11,4839.14
60860,56.11,4839.14
60870,56.11,4839.14
60880,56.11,4839.14
60890,56.11,4839.14
60900,56.11,4839.14
60910,56.11,4839.14
60920,56.11,4839.14
60930,56.11,4839.14
60940,56.11,4839.14
60950,56.11,4839.14
60960,56.11,4839.14
60970,56.11,4839.14
60980,56.11,4839.14
60990,56.11,4839.14
61000,56.11,4839.14
61010,56.11,4839.14
61020,56.11,4839.14
61030,56.11,4839.14
61040,56.11,4839.14
61050,56.11,4839.14
61060,56.11,4839.14
61070,56.11,4839.14
61080,56.11,4839.14
61090,56.11,4839.14
61100,56.11,4839.14
61110,56.02,4839.14
61120,56.02,4839.14
61130,56.02,4839.14
61140,56.02,4839.14
61150,56.02,4839.14
61160,56.02,4839.14
61170,56.02,4839.14
61180,56.02,4839.14
61190,56.02,4839.14
61200,56.02,4839.14
61210,56.02,4839.14
61220,56.02,4839.14
61230,56.02,4839.14
61240,56.02,4839.14
61250,56.02,4839.14
61260,56.02,4839.14
61270,56.02,4839.14
61280,56.02,4839.14
61290,56.02,4839.14
61300,56.02,4839.14
61310,56.02,4839.14
61320,56.02,4839.14
61330,56.02,4839.14
61340,56.02,4839.14
61350,56.02,4839.14
61360,56.02,4839.14
61370,56.02,4839.14
61380,56.02,4839.14
61390,56.02,4839.14
61400,56.02,4839.14
61410,56.02,4839.14
61420,56.02,4839.14
61430,56.02,4839.14
61440,56.02,4839.14
61450,56.02,4839.14
61460,56.02,4839.14
61470,56.02,4839.14
61480,56.02,4839.14
61490,56.02,4839.14
61500,56.2,4839.14
61510,56.2,4839.14
61520,56.2,4839.14
61530,56.2,4839.14
61540,56.2,4839.14
61550,56.2,4839.14
61560,56.2,4839.14
61570,56.2,4839.14
61580,56.2,4839.14
61590,56.2,4839.14
61600,56.2,4839.14
61610,56.2,4839.14
61620,56.2,4839.14
61630,56.2,4839.14
61640,56.2,4839.14
61650,56.2,4839.14
61660,56.2,4839.14
61670,56.2,4839.14
61680,56.2,4839.14
61690,56.2,4839.14
61700,56.2,4839.14
61710,56.2,4839.14
61720,56.2,4839.14
61730,56.2,4839.14
61740,56.2,4839.14
61750,56.2,4839.14
61760,56.2,4839.14
61770,56.2,4839.14
61780,56.65,4839.14
61790,56.65,4839.14
61800,56.65,4839.14
61810,56.65,4839.14
61820,56.65,4839.14
61830,56.65,4839.14
61840,56.65,4839.14
61850,56.65,4839.14
61860,56.65,4839.14
61870,56.65,4839.14
61880,56.65,4839.14
61890,56.65,4839.14
61900,56.65,4839.14
61910,56.65,4839.14
61920,56.65,4839.14
61930,56.65,4839.14
61940,56.65,4839.14
61950,56.65,4839.14
61960,56.65,4839.14
61970,56.65,4839.14
61980,56.65,4839.14
61990,56.65,4839.14
62000,56.65,4839.14
62010,56.65,4839.14
62020,56.65,4839.14
62030,56.65,4839.14
62040,56.65,4839.14
62050,56.65,4839.14
62060,56.65,4839.14
62070,56.65,4839.14
62080,56.65,4839.14
62090,56.65,4839.14
62100,56.65,4839.14
62110,56.65,4839.14
62120,56.65,4839.14
62130,56.65,4839.14
62140,56.65,4839.14
62150,56.65,4839.14
62160,56.65,4839.14
62170,56.65,4839.14
62180,56.65,4839.14
62190,56.65,4839.14
62200,56.65,4839.14
62210,56.65,4839.14
62220,56.65,4839.14
62230,56.65,4839.14
62240,56.65,4839.14
62250,56.65,4839.14
62260,56.65,4839.14
62270,57.08,4839.14
62280,57.08,4839.14
62290,57.08,4839.14
62300,57.08,4839.14
62310,57.08,4839.14
62320,57.08,4839.14
62330,57.08,4839.14
62340,57.08,4839.14
62350,57.08,4839.14
62360,57.08,4839.14
62370,57.08,4839.14
62380,57.08,4839.14
62390,57.08,4839.14
62400,57.08,4989.13
62410,57.08,4989.13
62420,57.08,4989.13
62430,57.08,4989.13
62440,57.08,4989.13
62450,57.08,4989.13
62460,57.08,4989.13
62470,57.08,4989.13
62480,57.08,4989.13
62490,57.08,4989.13
62500,56.55,4989.13
62510,56.55,4989.13
62520,56.55,4989.13
62530,56.55,4989.13
62540,56.55,4989.13
62550,56.55,4989.13
62560,56.55,4989.13
62570,56.55,4989.13
62580,56.55,4989.13
62590,56.55,4989.13
62600,56.55,4989.13
62610,56.55,4989.13
62620,56.55,4989.13
62630,56.55,4989.13
62640,56.55,4989.13
62650,56.55,4989.13
62660,56.55,4989.13
62670,56.55,4989.13
62680,56.55,4989.13
62690,56.55,4989.13
62700,56.55,4989.13
62710,56.55,4989.13
62720,56.55,4989.13
62730,56.93,4989.13
62740,56.93,4989.13
62750,56.93,4989.13
62760,56.93,4989.13
62770,56.93,4989.13
62780,56.93,4989.13
62790,56.93,4989.13
62800,56.93,5154.89
62810,56.93,5154.89
62820,56.93,5154.89
62830,56.93,5154.89
62840,56.93,5154.89
62850,56.93,5154.89
62860,56.93,5154.89
62870,56.93,5154.89
62880,56.93,5154.89
62890,56.93,5154.89
62900,56.93,5154.89
62910,56.93,5154.89
62920,56.93,5154.89
62930,56.93,5154.89
62940,56.93,5154.89
62950,56.93,5154.89
62960,56.93,5154.89
62970,56.93,5154.89
62980,56.93,5154.89
62990,56.93,5154.89
63000,56.93,5154.89
63010,56.93,5154.89
63020,56.93,5154.89
63030,56.93,5154.89
63040,56.93,5154.89
63050,56.93,5154.89
63060,56.93,5154.89
63070,57.43,5154.89
63080,57.43,5154.89
63090,57.43,5154.89
63100,57.43,5154.89
63110,57.43,5154.89
63120,57.43,5154.89
63130,57.43,5154.89
63140,57.43,5154.89
63150,57.43,5154.89
63160,57.43,5154.89
63170,57.43,5219.62
63180,57.43,5219.62
63190,57.43,5219.62
63200,57.43,5219.62
63210,57.43,5219.62
63220,57.43,5219.62
63230,57.43,5219.62
63240,57.43,5219.62
63250,57.43,5219.62
63260,57.43,5219.62
63270,57.43,5219.62
63280,57.43,5219.62
63290,57.43,5219.62
63300,57.43,5219.62
63310,57.43,5219.62
63320,57.43,5219.62
63330,57.43,5219.62
63340,57.43,5219.62
63350,57.43,5219.62
63360,57.43,5219.62
63370,57.43,5219.62
63380,57.43,5219.62
63390,57.43,5219.62
63400,57.43,5219.62
63410,57.43,5219.62
63420,57.43,5219.62
63430,57.43,5219.62
63440,57.43,5219.62
63450,57.43,5219.62
63460,57.59,5219.62
63470,57.59,5219.62
63480,57.59,5219.62
63490,57.59,5219.62
63500,57.59,5219.62
63510,57.59,5219.62
63520,57.59,5219.62
63530,57.59,5219.62
63540,57.59,5219.62
63550,57.59,5219.62
63560,57.59,5219.62
63570,57.59,5103.99
63580,57.59,5103.99
63590,57.59,5103.99
63600,57.59,5103.99
63610,57.59,5103.99
63620,57.59,5103.99
63630,57.59,5103.99
63640,57.59,5103.99
63650,57.59,5103.99
63660,57.59,5103.99
63670,57.59,5103.99
63680,57.59,5103.99
63690,57.59,5103.99
63700,57.59,5103.99
63710,57.59,5103.99
63720,57.77,5103.99
63730,57.77,5103.99
63740,57.77,5103.99
63750,57.77,5103.99
63760,57.77,5103.99
63770,57.77,5103.99
63780,57.77,5103.99
63790,57.77,5103.99
63800,57.77,5103.99
63810,57.77,5103.99
63820,57.77,5103.99
63830,57.77,5103.99
63840,57.77,5103.99
63850,57.77,5103.99
63860,57.77,5103.99
63870,57.77,5103.99
63880,57.77,5103.99
63890,57.77,5103.99
63900,57.77,5103.99
63910,57.77,5103.99
63920,57.77,5103.99
63930,57.77,5103.99
63940,57.77,5103.99
63950,57.77,5103.99
63960,57.77,5103.99
63970,57.77,5171.85
63980,57.77,5171.85
63990,57.77,5171.85
64000,57.77,5171.85
64010,57.77,5171.85
64020,57.77,5171.85
64030,57.76,5171.85
64040,57.76,5171.85
64050,57.76,5171.85
64060,57.76,5171.85
64070,57.76,5171.85
64080,57.76,5171.85
64090,57.76,5171.85
64100,57.76,5171.85
64110,57.76,5171.85
64120,57.76,5171.85
64130,57.76,5171.85
64140,57.76,5171.85
64150,57.76,5171.85
64160,57.76,5171.85
64170,57.76,5171.85
64180,57.76,5171.85
64190,57.76,5171.85
64200,57.76,5171.85
64210,57.76,5171.85
64220,57.76,5171.85
64230,57.76,5171.85
64240,57.76,5171.85
64250,57.76,5171.85
64260,57.76,5171.85
64270,57.76,5171.85
64280,57.76,5171.85
64290,57.76,5171.85
64300,57.76,5171.85
64310,57.76,5171.85
64320,57.76,5162.18
64330,57.76,5162.18
64340,57.76,5162.18
64350,57.76,5162.18
64360,57.76,5162.18
64370,57.76,5162.18
64380,57.76,5162.18
64390,57.76,5162.18
64400,57.76,5162.18
64410,57.76,5162.18
64420,57.76,5162.18
64430,57.76,5162.18
64440,57.76,5162.18
64450,57.76,5162.18
64460,57.76,5162.18
64470,57.76,5162.18
64480,57.76,5162.18
64490,57.76,5162.18
64500,57.76,5162.18
64510,57.76,5162.18
64520,57.76,5162.18
64530,57.76,5162.18
64540,57.76,5162.18
64550,57.76,5162.18
64560,57.76,5162.18
64570,57.76,5162.18
64580,57.76,5162.18
64590,57.76,5162.18
64600,57.76,5162.18
64610,57.76,5162.18
64620,57.76,5162.18
64630,57.76,5162.18
64640,57.76,5162.18
64650,57.76,5162.18
64660,57.76,5254.92
64670,57.76,5254.92
64680,57.76,5254.92
64690,57.76,5254.92
64700,57.76,5254.92
64710,57.76,5254.92
64720,57.76,5254.92
64730,57.76,5254.92
64740,57.76,5254.92
64750,57.76,5254.92
64760,57.76,5254.92
64770,57.76,5254.92
64780,57.76,5254.92
64790,57.76,5254.92
64800,57.76,5254.92
64810,57.76,5254.92
64820,57.76,5254.92
64830,57.76,5254.92
64840,57.76,5254.92
64850,57.76,5254.92
64860,57.76,5254.92
64870,58.12,5254.92
64880,58.12,5254.92
64890,58.12,5254.92
64900,58.12,5254.92
64910,58.12,5254.92
64920,58.12,5254.92
64930,58.12,5254.92
64940,58.12,5254.92
64950,58.12,5254.92
64960,58.12,5254.92
64970,58.12,5254.92
64980,58.12,5254.92
64990,58.12,5254.92
65000,58.12,5254.92
65010,58.12,5254.92
65020,58.12,5370.38
65030,58.12,5370.38
65040,58.12,5370.38
65050,58.12,5370.38
65060,58.12,5370.38
65070,58.12,5370.38
65080,58.12,5370.38
65090,57.96,5370.38
65100,57.96,5370.38
65110,57.96,5370.38
65120,57.96,5370.38
65130,57.96,5370.38
65140,57.96,5370.38
65150,57.96,5370.38
65160,57.96,5370.38
65170,57.96,5370.38
65180,57.96,5370.38
65190,57.96,5370.38
65200,57.96,5370.38
65210,57.96,5370.38
65220,57.96,5370.38
65230,57.96,5370.38
65240,57.96,5370.38
65250,57.96,5370.38
65260,57.96,5370.38
65270,57.96,5370.38
65280,57.96,5370.38
65290,57.96,5370.38
65300,57.96,5370.38
65310,57.96,5370.38
65320,57.96,5370.38
65330,57.96,5370.38
65340,57.96,5370.38
65350,57.96,5370.38
65360,57.96,5370.38
65370,57.96,5370.38
65380,57.96,5370.38
65390,57.96,5370.38
65400,57.96,5370.38
65410,57.96,5292.84
65420,57.96,5292.84
65430,57.96,5292.84
65440,57.96,5292.84
65450,57.96,5292.84
65460,58.07,5292.84
65470,58.07,5292.84
65480,58.07,5292.84
65490,58.07,5292.84
65500,58.07,5292.84
65510,58.07,5292.84
65520,58.07,5292.84
65530,58.07,5292.84
65540,58.07,5292.84
65550,58.07,5292.84
65560,58.07,5292.84
65570,58.07,5292.84
65580,58.07,5292.84
65590,58.07,5292.84
65600,58.07,5292.84
65610,58.07,5292.84
65620,58.07,5292.84
65630,58.07,5292.84
65640,58.07,5292.84
65650,58.07,5292.84
65660,58.07,5218.17
65670,58.07,5218.17
65680,58.07,5218.17
65690,58.07,5218.17
65700,58.07,5218.17
65710,58.07,5218.17
65720,58.07,5218.17
65730,58.07,5218.17
65740,58.07,5218.17
65750,58.07,5218.17
65760,58.07,5218.17
65770,58.07,5218.17
65780,58.07,5218.17
65790,58.07,5218.17
65800,58.07,5218.17
65810,58.07,5218.17
65820,58.07,5218.17
65830,58.07,5218.17
65840,58.4,5218.17
65850,58.4,5218.17
65860,58.4,5218.17
65870,58.4,5218.17
65880,58.4,5218.17
65890,58.4,5218.17
65900,58.4,5218.17
65910,58.4,5218.17
65920,58.4,5218.17
65930,58.4,5218.17
65940,58.4,5218.17
65950,58.4,5218.17
65960,58.4,5218.17
65970,58.4,5218.17
65980,58.4,5218.17
65990,58.4,5218.17
66000,58.4,5218.17
66010,58.4,5218.17
66020,58.4,5218.17
66030,58.4,5218.17
66040,58.4,5218.17
66050,57.99,5218.17
66060,57.99,5218.17
66070,57.99,5218.17
66080,57.99,5094.67
66090,57.99,5094.67
66100,57.99,5094.67
66110,57.99,5094.67
66120,57.99,5094.67
66130,57.99,5094.67
66140,57.99,5094.67
66150,57.99,5094.67
66160,57.99,5094.67
66170,57.99,5094.67
66180,57.99,5094.67
66190,57.99,5094.67
66200,57.99,5094.67
66210,57.99,5094.67
66220,57.99,5094.67
66230,57.99,5094.67
66240,57.99,5094.67
66250,57.99,5094.67
66260,57.99,5094.67
66270,57.99,5094.67
66280,57.99,5094.67
66290,57.99,5094.67
66300,57.99,5094.67
66310,57.99,5094.67
66320,57.99,5094.67
66330,57.99,5094.67
66340,57.82,5094.67
66350,57.82,5094.67
66360,57.82,5094.67
66370,57.82,5094.67
66380,57.82,5094.67
66390,57.82,5094.67
66400,57.82,5094.67
66410,57.82,5094.67
66420,57.82,5094.67
66430,57.82,5094.67
66440,57.82,5094.67
66450,57.82,5094.67
66460,57.82,5094.67
66470,57.82,5094.67
66480,57.82,5094.67
66490,57.82,5138.11
66500,57.82,5138.11
66510,57.82,5138.11
66520,57.82,5138.11
66530,57.82,5138.11
66540,57.82,5138.11
66550,57.82,5138.11
66560,57.82,5138.11
66570,57.82,5138.11
66580,57.82,5138.11
66590,57.82,5138.11
66600,57.82,5138.11
66610,57.82,5138.11
66620,57.82,5138.11
66630,57.82,5138.11
66640,57.82,5138.11
66650,57.82,5138.11
66660,57.82,5138.11
66670,57.82,5138.11
66680,57.82,5138.11
66690,57.82,5128.82
66700,57.82,5128.82
66710,57.82,5128.82
66720,57.42,5128.82
66730,57.42,5128.82
66740,57.42,5128.82
66750,57.42,5128.82
66760,57.42,5128.82
66770,57.42,5128.82
66780,57.42,5128.82
66790,57.42,5128.82
66800,57.42,5128.82
66810,57.42,5128.82
66820,57.42,5128.82
66830,57.42,5128.82
66840,57.42,5128.82
66850,57.42,5128.82
66860,57.42,5128.82
66870,57.42,5128.82
66880,57.42,5128.82
66890,57.42,5128.82
66900,57.42,5128.82
66910,57.42,5128.82
66920,57.42,5128.82
66930,57.42,5128.82
66940,57.42,5128.82
66950,57.42,5128.82
66960,57.42,5128.82
66970,57.42,5128.82
66980,57.42,5128.82
66990,57.42,5128.82
67000,57.42,5128.82
67010,57.42,5128.82
67020,57.42,5128.82
67030,57.42,5128.82
67040,57.42,5128.82
67050,57.42,5128.82
67060,57.42,5128.82
67070,57.42,5128.82
67080,57.42,5128.82
67090,57.42,5128.82
67100,57.42,5128.82
67110,57.42,5128.82
67120,57.42,5128.82
67130,57.42,5128.82
67140,57.42,5128.82
67150,57.42,5128.82
67160,57.42,5128.82
67170,57.42,5251.41
67180,57.42,5251.41
67190,57.42,5251.41
67200,56.96,5251.41
67210,56.96,5251.41
67220,56.96,5251.41
67230,56.96,5251.41
67240,56.96,5251.41
67250,56.96,5251.41
67260,56.96,5251.41
67270,56.96,5251.41
67280,56.96,5251.41
67290,56.96,5251.41
67300,56.96,5251.41
67310,56.96,5251.41
67320,56.96,5251.41
67330,56.96,5251.41
67340,56.96,5251.41
67350,56.96,5251.41
67360,56.96,5251.41
67370,56.96,5251.41
67380,56.96,5251.41
67390,56.96,5251.41
67400,56.96,5251.41
67410,56.96,5251.41
67420,56.96,5251.41
67430,56.96,5251.41
67440,56.96,5251.41
67450,56.96,5251.41
67460,56.96,5251.41
67470,56.96,5251.41
67480,56.96,5251.41
67490,56.96,5251.41
67500,56.96,5251.41
67510,56.96,5251.41
67520,56.96,5251.41
67530,56.96,5251.41
67540,56.96,5251.41
67550,56.96,5251.41
67560,56.96,5251.41
67570,56.96,5251.41
67580,56.96,5251.41
67590,56.96,5225.11
67600,56.96,5225.11
67610,56.96,5225.11
67620,56.96,5225.11
67630,56.96,5225.11
67640,56.96,5225.11
67650,56.96,5225.11
67660,56.61,5225.11
67670,56.61,5225.11
67680,56.61,5225.11
67690,56.61,5225.11
67700,56.61,5225.11
67710,56.61,5225.11
67720,56.61,5225.11
67730,56.61,5225.11
67740,56.61,5225.11
67750,56.61,5225.11
67760,56.61,5225.11
67770,56.61,5225.11
67780,56.61,5225.11
67790,56.61,5225.11
67800,56.61,5225.11
67810,56.61,5234.75
67820,56.61,5234.75
67830,56.61,5234.75
67840,56.61,5234.75
67850,56.61,5234.75
67860,56.61,5234.75
67870,56.61,5234.75
67880,56.61,5234.75
67890,56.61,5234.75
67900,56.61,5234.75
67910,56.61,5234.75
67920,56.61,5234.75
67930,56.61,5234.75
67940,56.61,5234.75
67950,56.61,5234.75
67960,56.61,5234.75
67970,56.61,5234.75
67980,56.61,5234.75
67990,56.61,5234.75
68000,56.61,5234.75
68010,56.61,5234.75
68020,56.61,5234.75
68030,56.61,5234.75
68040,56.61,5234.75
68050,56.61,5234.75
68060,56.61,5234.75
68070,56.61,5234.75
68080,56.61,5234.75
68090,56.61,5234.75
68100,56.61,5234.75
68110,56.61,5234.75
68120,56.61,5234.75
68130,56.61,5325.65
68140,56.61,5325.65
68150,56.61,5325.65
68160,56.61,5325.65
68170,56.61,5325.65
68180,56.55,5325.65
68190,56.55,5325.65
68200,56.55,5325.65
68210,56.55,5325.65
68220,56.55,5325.65
68230,56.55,5325.65
68240,56.55,5325.65
68250,56.55,5325.65
68260,56.55,5325.65
68270,56.55,5325.65
68280,56.55,5325.65
68290,56.55,5325.65
68300,56.55,5325.65
68310,56.55,5325.65
68320,56.55,5325.65
68330,56.55,5325.65
68340,56.55,5325.65
68350,56.55,5325.65
68360,56.55,5325.65
68370,56.55,5325.65
68380,56.89,5325.65
68390,56.89,5325.65
68400,56.89,5325.65
68410,56.89,5325.65
68420,56.89,5325.65
68430,56.89,5325.65
68440,56.89,5325.65
68450,56.89,5325.65
68460,56.89,5325.65
68470,56.89,5325.65
68480,56.89,5325.65
68490,56.89,5325.65
68500,56.89,5325.65
68510,56.89,5325.65
68520,56.89,5325.65
68530,56.89,5325.65
68540,56.89,5325.65
68550,56.89,5325.65
68560,56.89,5325.65
68570,56.89,5178.59
68580,56.89,5178.59
68590,56.89,5178.59
68600,56.89,5178.59
68610,56.89,5178.59
68620,56.89,5178.59
68630,56.89,5178.59
68640,56.89,5178.59
68650,56.89,5178.59
68660,56.89,5178.59
68670,56.89,5178.59
68680,56.89,5178.59
68690,56.89,5178.59
68700,56.89,5178.59
68710,56.89,5178.59
68720,56.89,5178.59
68730,56.89,5178.59
68740,56.44,5178.59
68750,56.44,5178.59
68760,56.44,5178.59
68770,56.44,5178.59
68780,56.44,5178.59
68790,56.44,5178.59
68800,56.44,5178.59
68810,56.44,5178.59
68820,56.44,5178.59
68830,56.44,5178.59
68840,56.44,5178.59
68850,56.44,5178.59
68860,56.44,5178.59
68870,56.44,5178.59
68880,56.44,5178.59
68890,56.44,5178.59
68900,56.44,5178.59
68910,56.44,5178.59
68920,56.44,5178.59
68930,56.44,5178.59
68940,56.44,5178.59
68950,56.44,5178.59
68960,56.44,5178.59
68970,56.05,5156.98
68980,56.05,5156.98
68990,56.05,5156.98
69000,56.05,5156.98
69010,56.05,5156.98
69020,56.05,5156.98
69030,56.05,5156.98
69040,56.05,5156.98
69050,56.05,5156.98
69060,56.05,5156.98
69070,56.05,5156.98
69080,56.05,5156.98
69090,56.05,5156.98
69100,56.05,5156.98
69110,56.05,5156.98
69120,56.05,5156.98
69130,56.05,5156.98
69140,56.05,5156.98
69150,56.05,5156.98
69160,56.05,5156.98
69170,56.05,5156.98
69180,56.05,5156.98
69190,56.05,5156.98
69200,56.05,5156.98
69210,56.05,5156.98
69220,56.05,5156.98
69230,56.05,5156.98
69240,56.05,5156.98
69250,56.05,5156.98
69260,56.05,5156.98
69270,56.05,5156.98
69280,56.15,5156.98
69290,56.15,5156.98
69300,56.15,5156.98
69310,56.15,5156.98
69320,56.15,5156.98
69330,56.15,5156.98
69340,56.15,5156.98
69350,56.15,5156.98
69360,56.15,5156.98
69370,56.15,5156.98
69380,56.15,5156.98
69390,56.15,5156.98
69400,56.15,5156.98
69410,56.15,5156.98
69420,56.15,5156.98
69430,56.15,5038.55
69440,56.15,5038.55
69450,56.15,5038.55
69460,56.15,5038.55
69470,56.15,5038.55
69480,56.15,5038.55
69490,56.15,5038.55
69500,56.15,5038.55
69510,56.15,5038.55
69520,56.15,5038.55
69530,56.15,5038.55
69540,56.15,5038.55
69550,56.15,5038.55
69560,56.15,5038.55
69570,56.15,5038.55
69580,56.15,5038.55
69590,56.15,5038.55
69600,56.15,5038.55
69610,56.15,5038.55
69620,56.15,5038.55
69630,56.15,5038.55
69640,56.15,5038.55
69650,56.15,5038.55
69660,56.15,5038.55
69670,56.15,5038.55
69680,56.15,5038.55
69690,56.15,5038.55
69700,56.06,5038.55
69710,56.06,5038.55
69720,56.06,5038.55
69730,56.06,5038.55
69740,56.06,5038.55
69750,56.06,5038.55
69760,56.06,5038.55
69770,56.06,5038.55
69780,56.06,5038.55
69790,56.06,5038.55
69800,56.06,5038.55
69810,56.06,5038.55
69820,56.06,5038.55
69830,56.06,5022.72
69840,56.06,5022.72
69850,56.06,5022.72
69860,56.06,5022.72
69870,56.06,5022.72
69880,56.06,5022.72
69890,56.06,5022.72
69900,56.06,5022.72
69910,56.06,5022.72
69920,56.06,5022.72
69930,56.06,5022.72
69940,56.06,5022.72
69950,56.06,5022.72
69960,56.06,5022.72
69970,56.06,5022.72
69980,56.06,5022.72
69990,56.06,5022.72
70000,56.06,5022.72
70010,56.06,5022.72
70020,56.06,5022.72
70030,56.06,5022.72
70040,56.06,5022.72
70050,56.06,5022.72
70060,56.06,5022.72
70070,56.06,5022.72
70080,56.06,5022.72
70090,56.06,5022.72
70100,56.06,5022.72
70110,56.06,5022.72
70120,56.06,5022.72
70130,56.06,5022.72
70140,56.06,5022.72
70150,56.06,5022.72
70160,56.06,5022.72
70170,56.06,5022.72
70180,56.06,5022.72
70190,56.06,5022.72
70200,56.06,5022.72
70210,56.06,5022.72
70220,56.06,5022.72
70230,56.06,5022.72
70240,56.06,5022.72
70250,56.06,5143.55
70260,56.06,5143.55
70270,56.06,5143.55
70280,56.06,5143.55
70290,56.06,5143.55
70300,56.06,5143.55
70310,56.06,5143.55
70320,56.06,5143.55
70330,56.06,5143.55
70340,56.06,5143.55
70350,56.06,5143.55
70360,56.06,5143.55
70370,56.06,5143.55
70380,56.06,5143.55
70390,56.06,5143.55
70400,56.06,5143.55
70410,56.06,5143.55
70420,56.06,5143.55
70430,56.06,5143.55
70440,56.06,5143.55
70450,56.06,5143.55
70460,56.06,5143.55
70470,56.06,5143.55
70480,56.06,5143.55
70490,56.06,5143.55
70500,56.06,5143.55
70510,56.06,5143.55
70520,56.06,5143.55
70530,56.06,5143.55
70540,56.06,5143.55
70550,56.06,5143.55
70560,56.06,5143.55
70570,56.06,5143.55
70580,56.06,5143.55
70590,56.06,5143.55
70600,56.06,5143.55
70610,56.06,5143.55
70620,56.06,5143.55
70630,56.07,5143.55
70640,56.07,5143.55
70650,56.07,5143.55
70660,56.07,5143.55
70670,56.07,5143.55
70680,56.07,5143.55
70690,56.07,5143.55
70700,56.07,5168.39
70710,56.07,5168.39
70720,56.07,5168.39
70730,56.07,5168.39
70740,56.07,5168.39
70750,56.07,5168.39
70760,56.07,5168.39
70770,56.07,5168.39
70780,56.07,5168.39
70790,56.07,5168.39
70800,56.07,5168.39
70810,56.07,5168.39
70820,56.07,5168.39
70830,56.07,5168.39
70840,56.07,5168.39
70850,56.07,5168.39
70860,56.07,5168.39
70870,56.07,5168.39
70880,56.07,5168.39
70890,56.07,5168.39
70900,56.07,5168.39
70910,56.07,5168.39
70920,56.07,5168.39
70930,56.07,5168.39
70940,56.07,5168.39
70950,56.07,5168.39
70960,56.07,5168.39
70970,56.07,5168.39
70980,56.07,5168.39
70990,56.06,5168.39
71000,56.06,5168.39
71010,56.06,5168.39
71020,56.06,5168.39
71030,56.06,5168.39
71040,56.06,5168.39
71050,56.06,5168.39
71060,56.06,5168.39
71070,56.06,5022.72
71080,56.06,5022.72
71090,56.06,5022.72
71100,56.06,5022.72
71110,56.06,5022.72
71120,56.06,5022.72
71130,56.06,5022.72
71140,56.06,5022.72
71150,56.06,5022.72
71160,56.06,5022.72
71170,56.06,5022.72
71180,56.06,5022.72
71190,56.06,5022.72
71200,56.06,5022.72
71210,56.06,5022.72
71220,56.06,5022.72
71230,56.06,5022.72
71240,56.06,5022.72
71250,56.06,5022.72
71260,56.06,5022.72
71270,56.06,5022.72
71280,56.06,5022.72
71290,56.06,5106.29
71300,56.06,5106.29
71310,56.06,5106.29
71320,56.06,5106.29
71330,56.06,5106.29
71340,56.06,5106.29
71350,56.06,5106.29
71360,56.06,5106.29
71370,56.06,5106.29
71380,56.06,5106.29
71390,56.06,5106.29
71400,56.06,5106.29
71410,56.06,5106.29
71420,56.06,5106.29
71430,56.06,5106.29
71440,56.06,5106.29
71450,56.06,5106.29
71460,56.06,5106.29
71470,56.06,5106.29
71480,56.06,5106.29
71490,56.06,5106.29
71500,56.06,5106.29
71510,56.06,5106.29
71520,56.06,5106.29
71530,56.06,5106.29
71540,56.06,5106.29
71550,56.06,5106.29
71560,56.06,5106.29
71570,56.06,5106.29
71580,56.06,5106.29
71590,56.06,5106.29
71600,56.06,5106.29
71610,56.06,5106.29
71620,56.06,5106.29
71630,56.06,5106.29
71640,56.06,5106.29
71650,56.06,5106.29
71660,56.06,5106.29
71670,56.06,5106.29
71680,56.06,5106.29
71690,56.06,5106.29
71700,56.06,5106.29
71710,56.06,5022.72
71720,56.06,5022.72
71730,56.06,5022.72
71740,56.06,5022.72
71750,56.06,5022.72
71760,56.06,5022.72
71770,56.06,5022.72
71780,56.06,5022.72
71790,56.06,5022.72
71800,56.06,5022.72
71810,56.06,5022.72
71820,56.06,5022.72
71830,56.06,5022.72
71840,56.06,5022.72
71850,56.06,5022.72
71860,56.06,5022.72
71870,56.06,5022.72
71880,56.06,5022.72
71890,56.06,5022.72
71900,56.06,5022.72
71910,56.32,5022.72
71920,56.32,5022.72
71930,56.32,5022.72
71940,56.32,5022.72
71950,56.32,5022.72
71960,56.32,5022.72
71970,56.32,5022.72
71980,56.32,5022.72
71990,56.32,5022.72
72000,56.32,5022.72
72010,56.32,5022.72
72020,56.32,5022.72
72030,56.32,5022.72
72040,56.32,5022.72
72050,56.32,5022.72
72060,56.32,5022.72
72070,56.32,5022.72
72080,56.32,5022.72
72090,56.32,5022.72
72100,56.32,5022.72
72110,56.32,5022.72
72120,56.32,5022.72
72130,56.32,5022.72
72140,56.06,5022.72
72150,56.06,5022.72
72160,56.06,5022.72
72170,56.06,5022.72
72180,56.06,5022.72
72190,56.06,5022.72
72200,56.06,5022.72
72210,56.06,5022.72
72220,56.06,5022.72
72230,56.06,5022.72
72240,56.06,5022.72
72250,56.06,5022.72
72260,56.06,5022.72
72270,56.06,5022.72
72280,56.06,5022.72
72290,56.06,5022.72
72300,56.06,5022.72
72310,56.06,5022.72
72320,56.06,5022.72
72330,56.06,5022.72
72340,56.06,5022.72
72350,56.06,5022.72
72360,56.06,5022.72
72370,56.06,5022.72
72380,56.06,5022.72
72390,56.06,5022.72
72400,56.06,5022.72
72410,56.06,5022.72
72420,56.06,5022.72
72430,56.06,5022.72
72440,56.06,5022.72
72450,56.06,5022.72
72460,56.06,5022.72
72470,56.06,5022.72
72480,56.06,5022.72
72490,56.06,5022.72
72500,56.06,5022.72
72510,56.23,5022.72
72520,56.23,5022.72
72530,56.23,5022.72
72540,56.23,5022.72
72550,56.23,5022.72
72560,56.23,5022.72
72570,56.23,5022.72
72580,56.23,5022.72
72590,56.23,5022.72
72600,56.23,5022.72
72610,56.23,5022.72
72620,56.23,5022.72
72630,56.23,5022.72
72640,56.23,5022.72
72650,56.23,5022.72
72660,56.23,5022.72
72670,56.23,5022.72
72680,56.23,5022.72
72690,56.23,5022.72
72700,56.23,5022.72
72710,56.23,5022.72
72720,56.23,5022.72
72730,56.23,5022.72
72740,56.23,5022.72
72750,56.23,5022.72
72760,56.23,5022.72
72770,56.23,5022.72
72780,56.23,5022.72
72790,56.23,5022.72
72800,56.23,5022.72
72810,56.23,5022.72
72820,56.23,5114.73
72830,56.06,5114.73
72840,56.06,5114.73
72850,56.06,5114.73
72860,56.06,5114.73
72870,56.06,5114.73
72880,56.06,5114.73
72890,56.06,5114.73
72900,56.06,5114.73
72910,56.06,5114.73
72920,56.06,5114.73
72930,56.06,5114.73
72940,56.06,5114.73
72950,56.06,5114.73
72960,56.06,5114.73
72970,56.06,5114.73
72980,56.06,5114.73
72990,56.06,5114.73
73000,56.06,5114.73
73010,56.06,5114.73
73020,56.06,5114.73
73030,56.06,5114.73
73040,56.06,5114.73
73050,56.06,5114.73
73060,56.06,5114.73
73070,56.06,5114.73
73080,56.06,5114.73
73090,56.06,5114.73
73100,56.06,5114.73
73110,56.06,5114.73
73120,56.06,5114.73
73130,56.06,5114.73
73140,56.06,5114.73
73150,56.06,5114.73
73160,56.06,5114.73
73170,56.06,5114.73
73180,56.06,5114.73
73190,56.06,5114.73
73200,56.06,5114.73
73210,56.06,5114.73
73220,56.06,5180.78
73230,56.06,5180.78
73240,56.06,5180.78
73250,56.06,5180.78
73260,56.06,5180.78
73270,56.06,5180.78
73280,56.06,5180.78
73290,56.06,5180.78
73300,56.06,5180.78
73310,56.06,5180.78
73320,56.06,5180.78
73330,56.06,5180.78
73340,56.06,5180.78
73350,56.06,5180.78
73360,56.06,5180.78
73370,56.06,5180.78
73380,56.06,5180.78
73390,56.06,5180.78
73400,56.06,5180.78
73410,56.06,5180.78
73420,56.06,5180.78
73430,56.06,5180.78
73440,56.06,5180.78
73450,56.06,5180.78
73460,56.06,5180.78
73470,56.06,5180.78
73480,56.06,5180.78
73490,56.06,5180.78
73500,56.06,5180.78
73510,56.06,5180.78
73520,56.06,5180.78
73530,56.06,5180.78
73540,56.06,5180.78
73550,56.06,5180.78
73560,56.06,5180.78
73570,56.06,5180.78
73580,56.06,5180.78
73590,56.06,5180.78
73600,56.06,5180.78
73610,56.06,5180.78
73620,56.06,5180.78
73630,56.21,5180.78
73640,56.21,5327.07
73650,56.21,5327.07
73660,56.21,5327.07
73670,56.21,5327.07
73680,56.21,5327.07
73690,56.21,5327.07
73700,56.21,5327.07
73710,56.21,5327.07
73720,56.21,5327.07
73730,56.21,5327.07
73740,56.21,5327.07
73750,56.21,5327.07
73760,56.21,5327.07
73770,56.21,5327.07
73780,56.21,5327.07
73790,56.21,5327.07
73800,56.21,5327.07
73810,56.21,5327.07
73820,56.21,5327.07
73830,56.21,5327.07
73840,56.21,5327.07
73850,56.21,5327.07
73860,56.21,5327.07
73870,56.21,5327.07
73880,56.21,5327.07
73890,56.21,5327.07
73900,56.21,5327.07
73910,56.21,5327.07
73920,56.21,5327.07
73930,56.21,5327.07
73940,56.21,5327.07
73950,56.21,5327.07
73960,56.21,5327.07
73970,56.21,5327.07
73980,56.21,5327.07
73990,56.21,5327.07
74000,56.21,5327.07
74010,56.15,5327.07
74020,56.15,5327.07
74030,56.15,5327.07
74040,56.15,5327.07
74050,56.15,5314.79
74060,56.15,5314.79
74070,56.15,5314.79
74080,56.15,5314.79
74090,56.15,5314.79
74100,56.15,5314.79
74110,56.15,5314.79
74120,56.15,5314.79
74130,56.15,5314.79
74140,56.15,5314.79
74150,56.15,5314.79
74160,56.15,5314.79
74170,56.15,5314.79
74180,56.15,5314.79
74190,56.15,5314.79
74200,56.15,5314.79
74210,56.15,5314.79
74220,56.15,5314.79
74230,56.15,5314.79
74240,56.15,5314.79
74250,56.15,5314.79
74260,56.15,5314.79
74270,56.15,5148.56
74280,56.15,5148.56
74290,56.15,5148.56
74300,56.15,5148.56
74310,56.15,5148.56
74320,56.15,5148.56
74330,56.15,5148.56
74340,56.15,5148.56
74350,56.15,5148.56
74360,56.15,5148.56
74370,56.15,5148.56
74380,56.15,5148.56
74390,56.15,5148.56
74400,56.15,5148.56
74410,56.15,5148.56
74420,56.15,5148.56
74430,56.15,5148.56
74440,56.15,5148.56
74450,56.06,5148.56
74460,56.06,5148.56
74470,56.06,5148.56
74480,56.06,5148.56
74490,56.06,5148.56
74500,56.06,5148.56
74510,56.06,5148.56
74520,56.06,5148.56
74530,56.06,5148.56
74540,56.06,5148.56
74550,56.06,5148.56
74560,56.06,5148.56
74570,56.06,5148.56
74580,56.06,5148.56
74590,56.06,5148.56
74600,56.06,5148.56
74610,56.06,5148.56
74620,56.06,5148.56
74630,56.06,5148.56
74640,56.06,5022.72
74650,56.06,5022.72
74660,56.06,5022.72
74670,56.06,5022.72
74680,56.06,5022.72
74690,56.06,5022.72
74700,56.06,5022.72
74710,56.06,5022.72
74720,56.06,5022.72
74730,56.06,5022.72
74740,56.06,5022.72
74750,56.06,5022.72
74760,56.06,5022.72
74770,56.06,5022.72
74780,56.06,5022.72
74790,56.06,5022.72
74800,56.39,5022.72
74810,56.39,5022.72
74820,56.39,5022.72
74830,56.39,5022.72
74840,56.39,5022.72
74850,56.39,5022.72
74860,56.39,5110.5
74870,56.39,5110.5
74880,56.39,5110.5
74890,56.39,5110.5
74900,56.39,5110.5
74910,56.39,5110.5
74920,56.39,5110.5
74930,56.39,5110.5
74940,56.39,5110.5
74950,56.39,5110.5
74960,56.39,5110.5
74970,56.39,5110.5
74980,56.39,5110.5
74990,56.39,5110.5
75000,56.39,5110.5
75010,56.39,5110.5
75020,56.39,5110.5
75030,56.39,5110.5
75040,56.39,5110.5
75050,56.39,5110.5
75060,56.39,5110.5
75070,56.39,5110.5
75080,56.39,5110.5
75090,56.39,5110.5
75100,56.39,5110.5
75110,56.39,5110.5
75120,56.39,5110.5
75130,56.39,5110.5
75140,56.39,5110.5
75150,56.69,5110.5
75160,56.69,5110.5
75170,56.69,5110.5
75180,56.69,5110.5
75190,56.69,5110.5
75200,56.69,5110.5
75210,56.69,5102.4
75220,56.69,5102.4
75230,56.69,5102.4
75240,56.69,5102.4
75250,56.69,5102.4
75260,56.69,5102.4
75270,56.69,5102.4
75280,56.69,5102.4
75290,56.69,5102.4
75300,56.69,5102.4
75310,56.69,5102.4
75320,56.69,5102.4
75330,56.69,5102.4
75340,56.69,5102.4
75350,56.69,5102.4
75360,56.69,5102.4
75370,56.69,5102.4
75380,56.69,5102.4
75390,56.69,5102.4
75400,56.69,5102.4
75410,56.69,5102.4
75420,56.69,5102.4
75430,56.69,5102.4
75440,56.69,5102.4
75450,56.69,5102.4
75460,56.69,5102.4
75470,56.69,5102.4
75480,56.69,5102.4
75490,56.69,5102.4
75500,56.69,5102.4
75510,56.69,5102.4
75520,56.15,5102.4
75530,56.15,5102.4
75540,56.15,5102.4
75550,56.15,5102.4
75560,56.15,5022.72
75570,56.15,5022.72
75580,56.15,5022.72
75590,56.15,5022.72
75600,56.15,5022.72
75610,56.15,5022.72
75620,56.15,5022.72
75630,56.15,5022.72
75640,56.15,5022.72
75650,56.15,5022.72
75660,56.15,5022.72
75670,56.15,5022.72
75680,56.15,5022.72
75690,56.15,5022.72
75700,56.15,5022.72
75710,56.15,5022.72
75720,56.15,5022.72
75730,56.15,5022.72
75740,56.15,5022.72
75750,56.15,5022.72
75760,56.15,5022.72
75770,56.15,5022.72
75780,56.15,5022.72
75790,56.15,5022.72
75800,56.15,5022.72
75810,56.15,5022.72
75820,56.15,5022.72
75830,56.06,5022.72
75840,56.06,5022.72
75850,56.06,5022.72
75860,56.06,5022.72
75870,56.06,5022.72
75880,56.06,5022.72
75890,56.06,5022.72
75900,56.06,5022.72
75910,56.06,5022.72
75920,56.06,5022.72
75930,56.06,5022.72
75940,56.06,5022.72
75950,56.06,5022.72
75960,56.06,5022.72
75970,56.06,5022.72
75980,56.06,5022.72
75990,56.06,5022.72
76000,56.06,5022.72
76010,56.06,5022.72
76020,56.06,5022.72
76030,56.06,5022.72
76040,56.06,5022.72
76050,56.06,5022.72
76060,56.06,5022.72
76070,56.06,5022.72
76080,56.06,5022.72
76090,56.06,5022.72
76100,56.06,5022.72
76110,56.06,5022.72
76120,56.06,5022.72
76130,56.06,5022.72
76140,56.06,5022.72
76150,56.06,5022.72
76160,56.06,5022.72
76170,56.06,5022.72
76180,56.06,5022.72
76190,56.06,5022.72
76200,56.23,5022.72
76210,56.23,5022.72
76220,56.23,5022.72
76230,56.23,5022.72
76240,56.23,5022.72
76250,56.23,5186.62
76260,56.23,5186.62
76270,56.23,5186.62
76280,56.23,5186.62
76290,56.23,5186.62
76300,56.23,5186.62
76310,56.23,5186.62
76320,56.23,5186.62
76330,56.23,5186.62
76340,56.23,5186.62
76350,56.23,5186.62
76360,56.23,5186.62
76370,56.23,5186.62
76380,56.23,5186.62
76390,56.23,5186.62
76400,56.23,5186.62
76410,56.23,5186.62
76420,56.23,5186.62
76430,56.23,5186.62
76440,56.23,5186.62
76450,56.23,5186.62
76460,56.23,5186.62
76470,56.23,5186.62
76480,56.23,5186.62
76490,56.23,5186.62
76500,56.23,5133.92
76510,56.23,5133.92
76520,56.23,5133.92
76530,56.23,5133.92
76540,56.23,5133.92
76550,56.23,5133.92
76560,56.23,5133.92
76570,56.1,5133.92
76580,56.1,5133.92
76590,56.1,5133.92
76600,56.1,5133.92
76610,56.1,5133.92
76620,56.1,5133.92
76630,56.1,5133.92
76640,56.1,5133.92
76650,56.1,5133.92
76660,56.1,5133.92
76670,56.1,5133.92
76680,56.1,5133.92
76690,56.1,5133.92
76700,56.1,5133.92
76710,56.1,5133.92
76720,56.1,5133.92
76730,56.1,5133.92
76740,56.1,5133.92
76750,56.1,5133.92
76760,56.1,5133.92
76770,56.1,5133.92
76780,56.1,5133.92
76790,56.1,5133.92
76800,56.1,5133.92
76810,56.1,5133.92
76820,56.1,5133.92
76830,56.1,5133.92
76840,56.1,5133.92
76850,56.1,5133.92
76860,56.1,5133.92
76870,56.1,5133.92
76880,56.1,5133.92
76890,56.1,5121.9
76900,56.1,5121.9
76910,56.1,5121.9
76920,56.1,5121.9
76930,56.1,5121.9
76940,56.1,5121.9
76950,56.1,5121.9
76960,56.1,5121.9
76970,56.1,5121.9
76980,56.1,5121.9
76990,56.1,5121.9
77000,56.1,5121.9
77010,56.1,5121.9
77020,56.1,5121.9
77030,56.1,5121.9
77040,56.1,5121.9
77050,56.1,5121.9
77060,56.06,5121.9
77070,56.06,5121.9
77080,56.06,5121.9
77090,56.06,5121.9
77100,56.06,5121.9
77110,56.06,5121.9
77120,56.06,5121.9
77130,56.06,5121.9
77140,56.06,5121.9
77150,56.06,5121.9
77160,56.06,5121.9
77170,56.06,5121.9
77180,56.06,5121.9
77190,56.06,5121.9
77200,56.06,5121.9
77210,56.06,5121.9
77220,56.06,5121.9
77230,56.06,5121.9
77240,56.06,5089.46
77250,56.06,5089.46
77260,56.06,5089.46
77270,56.06,5089.46
77280,56.06,5089.46
77290,56.06,5089.46
77300,56.06,5089.46
77310,56.06,5089.46
77320,56.06,5089.46
77330,56.06,5089.46
77340,56.06,5089.46
77350,56.06,5089.46
77360,56.06,5089.46
77370,56.06,5089.46
77380,56.06,5089.46
77390,56.06,5089.46
77400,56.06,5089.46
77410,56.06,5089.46
77420,56.06,5089.46
77430,56.3,5089.46
77440,56.3,5089.46
77450,56.3,5089.46
77460,56.3,5089.46
77470,56.3,5089.46
77480,56.3,5089.46
77490,56.3,5089.46
77500,56.3,5089.46
77510,56.3,5089.46
77520,56.3,5089.46
77530,56.3,5089.46
77540,56.3,5089.46
77550,56.3,5089.46
77560,56.3,5089.46
77570,56.3,5089.46
77580,56.3,5089.46
77590,56.3,5089.46
77600,56.3,5089.46
77610,56.3,5089.46
77620,56.3,5089.46
77630,56.3,5089.46
77640,56.3,5089.46
77650,56.3,5089.46
77660,56.3,5089.46
77670,56.3,5089.46
77680,56.3,5089.46
77690,56.3,5089.46
77700,56.3,5089.46
77710,56.3,5022.72
77720,56.3,5022.72
77730,56.3,5022.72
77740,56.3,5022.72
77750,56.3,5022.72
77760,56.3,5022.72
77770,56.3,5022.72
77780,56.3,5022.72
77790,56.3,5022.72
77800,56.3,5022.72
77810,56.3,5022.72
77820,56.3,5022.72
77830,56.3,5022.72
77840,56.45,5022.72
77850,56.45,5022.72
77860,56.45,5022.72
77870,56.45,5022.72
77880,56.45,5022.72
77890,56.45,5022.72
77900,56.45,5022.72
77910,56.45,5022.72
77920,56.45,5164.69
77930,56.45,5164.69
77940,56.45,5164.69
77950,56.45,5164.69
77960,56.45,5164.69
77970,56.45,5164.69
77980,56.45,5164.69
77990,56.45,5164.69
78000,56.45,5164.69
78010,56.45,5164.69
78020,56.45,5164.69
78030,56.45,5164.69
78040,56.45,5164.69
78050,56.45,5164.69
78060,56.45,5164.69
78070,56.45,5164.69
78080,56.45,5164.69
78090,56.45,5164.69
78100,56.45,5164.69
78110,56.45,5164.69
78120,56.45,5164.69
78130,56.45,5164.69
78140,56.45,5164.69
78150,56.45,5164.69
78160,56.45,5164.69
78170,56.45,5164.69
78180,56.45,5164.69
78190,56.45,5164.69
78200,56.45,5164.69
78210,56.45,5164.69
78220,56.45,5164.69
78230,56.96,5164.69
78240,56.96,5164.69
78250,56.96,5164.69
78260,56.96,5164.69
78270,56.96,5164.69
78280,56.96,5164.69
78290,56.96,5164.69
78300,56.96,5164.69
78310,56.96,5164.69
78320,56.96,5164.69
78330,56.96,5164.69
78340,56.96,5164.69
78350,56.96,5164.69
78360,56.96,5164.69
78370,56.96,5142.96
78380,56.96,5142.96
78390,56.96,5142.96
78400,56.96,5142.96
78410,56.96,5142.96
78420,56.96,5142.96
78430,56.96,5142.96
78440,56.73,5142.96
78450,56.73,5142.96
78460,56.73,5142.96
78470,56.73,5142.96
78480,56.73,5142.96
78490,56.73,5142.96
78500,56.73,5142.96
78510,56.73,5142.96
78520,56.73,5142.96
78530,56.73,5142.96
78540,56.73,5142.96
78550,56.73,5142.96
78560,56.73,5142.96
78570,56.73,5142.96
78580,56.73,5291.46
78590,56.73,5291.46
78600,56.73,5291.46
78610,56.73,5291.46
78620,56.73,5291.46
78630,56.73,5291.46
78640,56.73,5291.46
78650,56.73,5291.46
78660,56.73,5291.46
78670,56.73,5291.46
78680,56.73,5291.46
78690,56.73,5291.46
78700,56.73,5291.46
78710,56.73,5291.46
78720,56.73,5291.46
78730,56.73,5291.46
78740,56.73,5291.46
78750,56.73,5291.46
78760,56.73,5291.46
78770,56.73,5291.46
78780,56.73,5291.46
78790,56.73,5291.46
78800,56.73,5291.46
78810,56.73,5291.46
78820,56.73,5291.46
78830,56.9,5291.46
78840,56.9,5291.46
78850,56.9,5291.46
78860,56.9,5291.46
78870,56.9,5291.46
78880,56.9,5291.46
78890,56.9,5291.46
78900,56.9,5291.46
78910,56.9,5291.46
78920,56.9,5291.46
78930,56.9,5291.46
78940,56.9,5291.46
78950,56.9,5291.46
78960,56.9,5265.67
78970,56.9,5265.67
78980,56.9,5265.67
78990,56.9,5265.67
79000,56.9,5265.67
79010,56.9,5265.67
79020,56.9,5265.67
79030,56.9,5265.67
79040,56.9,5265.67
79050,56.9,5265.67
79060,56.9,5265.67
79070,56.9,5265.67
79080,56.9,5265.67
79090,56.9,5265.67
79100,56.9,5265.67
79110,56.9,5265.67
79120,56.9,5265.67
79130,56.9,5265.67
79140,56.9,5265.67
79150,56.9,5265.67
79160,56.9,5265.67
79170,56.9,5265.67
79180,56.9,5265.67
79190,56.9,5265.67
79200,56.9,5265.67
79210,56.9,5265.67
79220,56.9,5265.67
79230,56.9,5265.67
79240,56.9,5265.67
79250,56.9,5265.67
79260,56.9,5265.67
79270,56.9,5265.67
79280,56.9,5265.67
79290,56.55,5265.67
79300,56.55,5156.38
79310,56.55,5156.38
79320,56.55,5156.38
79330,56.55,5156.38
79340,56.55,5156.38
79350,56.55,5156.38
79360,56.55,5156.38
79370,56.55,5156.38
79380,56.55,5156.38
79390,56.55,5156.38
79400,56.55,5156.38
79410,56.55,5156.38
79420,56.55,5156.38
79430,56.55,5156.38
79440,56.55,5156.38
79450,56.55,5156.38
79460,56.55,5156.38
79470,56.55,5156.38
79480,56.55,5156.38
79490,56.55,5156.38
79500,56.55,5156.38
79510,56.55,5156.38
79520,56.55,5156.38
79530,56.55,5156.38
79540,56.55,5156.38
79550,56.55,5156.38
79560,56.55,5156.38
79570,56.92,5156.38
79580,56.92,5156.38
79590,56.92,5156.38
79600,56.92,5257.78
79610,56.92,5257.78
79620,56.92,5257.78
79630,56.92,5257.78
79640,56.92,5257.78
79650,56.92,5257.78
79660,56.92,5257.78
79670,56.92,5257.78
79680,56.92,5257.78
79690,56.92,5257.78
79700,56.92,5257.78
79710,56.92,5257.78
79720,56.92,5257.78
79730,56.92,5257.78
79740,56.92,5257.78
79750,56.92,5257.78
79760,56.92,5257.78
79770,56.74,5257.78
79780,56.74,5257.78
79790,56.74,5257.78
79800,56.74,5257.78
79810,56.74,5257.78
79820,56.74,5257.78
79830,56.74,5257.78
79840,56.74,5257.78
79850,56.74,5257.78
79860,56.74,5257.78
79870,56.74,5257.78
79880,56.74,5257.78
79890,56.74,5257.78
79900,56.74,5257.78
79910,56.74,5257.78
79920,56.74,5257.78
79930,56.74,5257.78
79940,56.74,5257.78
79950,56.74,5257.78
79960,56.74,5257.78
79970,56.74,5257.78
79980,56.74,5257.78
79990,56.74,5257.78
80000,56.74,5257.78
80010,56.74,5257.78
80020,56.74,5257.78
80030,56.74,5257.78
80040,56.74,5257.78
80050,56.74,5257.78
80060,56.74,5257.78
80070,56.74,5257.78
80080,56.74,5257.78
80090,56.74,5257.78
80100,56.74,5257.78
80110,56.74,5257.78
80120,56.74,5257.78
80130,56.74,5257.78
80140,56.74,5257.78
80150,56.74,5257.78
80160,56.74,5257.78
80170,56.74,5257.78
80180,56.74,5257.78
80190,56.74,5257.78
80200,56.74,5257.78
80210,56.74,5257.78
80220,56.74,5257.78
80230,56.74,5257.78
80240,56.74,5257.78
80250,56.74,5257.78
80260,56.74,5257.78
80270,56.74,5257.78
80280,56.74,5257.78
80290,56.74,5361.18
80300,56.74,5361.18
80310,56.74,5361.18
80320,56.74,5361.18
80330,56.74,5361.18
80340,56.74,5361.18
80350,56.74,5361.18
80360,56.74,5361.18
80370,56.74,5361.18
80380,56.74,5361.18
80390,56.74,5361.18
80400,56.74,5361.18
80410,56.74,5361.18
80420,56.74,5361.18
80430,56.74,5361.18
80440,56.74,5361.18
80450,56.74,5361.18
80460,56.74,5361.18
80470,56.74,5361.18
80480,56.74,5361.18
80490,56.74,5361.18
80500,56.74,5361.18
80510,56.74,5361.18
80520,56.74,5361.18
80530,56.74,5361.18
80540,56.74,5361.18
80550,56.74,5361.18
80560,56.74,5361.18
80570,56.74,5361.18
80580,56.74,5361.18
80590,56.74,5361.18
80600,56.74,5361.18
80610,56.74,5361.18
80620,56.74,5361.18
80630,56.74,5361.18
80640,56.74,5361.18
80650,56.74,5361.18
80660,56.74,5361.18
80670,56.74,5361.18
80680,56.74,5361.18
80690,56.74,5361.18
80700,56.74,5361.18
80710,56.74,5361.18
80720,56.74,5361.18
80730,56.74,5361.18
80740,56.74,5361.18
80750,56.74,5361.18
80760,56.74,5361.18
80770,56.74,5361.18
80780,56.74,5257.78
80790,56.74,5257.78
80800,56.74,5257.78
80810,56.74,5257.78
80820,56.74,5257.78
80830,56.74,5257.78
80840,56.74,5257.78
80850,56.74,5257.78
80860,56.74,5257.78
80870,56.74,5257.78
80880,56.74,5257.78
80890,56.76,5257.78
80900,56.76,5257.78
80910,56.76,5257.78
80920,56.76,5257.78
80930,56.76,5257.78
80940,56.76,5257.78
80950,56.76,5257.78
80960,56.76,5257.78
80970,56.76,5257.78
80980,56.76,5257.78
80990,56.76,5257.78
81000,56.76,5257.78
81010,56.76,5257.78
81020,56.76,5257.78
81030,56.76,5257.78
81040,56.76,5257.78
81050,56.76,5257.78
81060,56.76,5257.78
81070,56.76,5257.78
81080,56.76,5257.78
81090,56.76,5257.78
81100,56.76,5257.78
81110,56.76,5257.78
81120,56.76,5257.78
81130,56.76,5257.78
81140,56.76,5257.78
81150,56.76,5257.78
81160,56.76,5257.78
81170,56.76,5257.78
81180,56.76,5257.78
81190,56.76,5257.78
81200,56.76,5257.78
81210,56.76,5257.78
81220,56.76,5257.78
81230,56.76,5257.78
81240,56.76,5257.78
81250,56.76,5257.78
81260,56.76,5257.78
81270,56.76,5257.78
81280,56.76,5257.78
81290,56.76,5257.78
81300,56.76,5257.78
81310,56.76,5257.78
81320,56.76,5257.78
81330,56.76,5257.78
81340,56.76,5257.78
81350,56.76,5257.78
81360,56.76,5257.78
81370,56.76,5257.78
81380,56.74,5257.78
81390,56.74,5257.78
81400,56.74,5257.78
81410,56.74,5257.78
81420,56.74,5257.78
81430,56.74,5257.78
81440,56.74,5257.78
81450,56.74,5257.78
81460,56.74,5257.78
81470,56.74,5257.78
81480,56.74,5257.78
81490,56.74,5257.78
81500,56.74,5257.78
81510,56.74,5257.78
81520,56.74,5257.78
81530,56.74,5257.78
81540,56.74,5257.78
81550,56.74,5257.78
81560,56.74,5257.78
81570,56.74,5257.78
81580,56.74,5257.78
81590,56.74,5257.78
81600,56.74,5257.78
81610,56.74,5257.78
81620,56.74,5257.78
81630,56.74,5257.78
81640,56.74,5257.78
81650,56.74,5257.78
81660,56.74,5257.78
81670,56.74,5257.78
81680,56.74,5257.78
81690,56.74,5257.78
81700,56.74,5257.78
81710,56.74,5257.78
81720,56.74,5257.78
81730,56.74,5257.78
81740,56.74,5257.78
81750,56.74,5257.78
81760,56.74,5257.78
81770,57.28,5257.78
81780,57.28,5257.78
81790,57.28,5257.78
81800,57.28,5257.78
81810,57.28,5257.78
81820,57.28,5257.78
81830,57.28,5257.78
81840,57.28,5257.78
81850,57.28,5257.78
81860,57.28,5257.78
81870,57.28,5257.78
81880,57.28,5257.78
81890,57.28,5257.78
81900,57.28,5257.78
81910,57.28,5257.78
81920,57.28,5257.78
81930,57.28,5257.78
81940,57.28,5257.78
81950,57.28,5257.78
81960,57.28,5257.78
81970,57.28,5257.78
81980,57.28,5257.78
81990,57.28,5257.78
82000,57.28,5257.78
82010,57.28,5257.78
82020,57.28,5257.78
82030,56.82,5257.78
82040,56.82,5257.78
82050,56.82,5257.78
82060,56.82,5257.78
82070,56.82,5257.78
82080,56.82,5257.78
82090,56.82,5257.78
82100,56.82,5257.78
82110,56.82,5257.78
82120,56.82,5257.78
82130,56.82,5257.78
82140,56.82,5257.78
82150,56.82,5257.78
82160,56.82,5257.78
82170,56.82,5257.78
82180,56.82,5257.78
82190,56.82,5257.78
82200,56.82,5257.78
82210,56.82,5257.78
82220,56.82,5257.78
82230,56.82,5257.78
82240,56.82,5257.78
82250,56.82,5257.78
82260,56.79,5257.78
82270,56.79,5257.78
82280,56.79,5257.78
82290,56.79,5257.78
82300,56.79,5257.78
82310,56.79,5257.78
82320,56.79,5257.78
82330,56.79,5257.78
82340,56.79,5257.78
82350,56.79,5257.78
82360,56.79,5257.78
82370,56.79,5257.78
82380,56.79,5257.78
82390,56.79,5257.78
82400,56.79,5257.78
82410,56.79,5257.78
82420,56.79,5257.78
82430,56.79,5257.78
82440,56.79,5257.78
82450,56.79,5257.78
82460,56.79,5257.78
82470,56.79,5257.78
82480,56.79,5257.78
82490,56.79,5257.78
82500,56.79,5257.78
82510,56.79,5257.78
82520,56.79,5257.78
82530,56.79,5257.78
82540,56.79,5257.78
82550,56.79,5257.78
82560,56.79,5257.78
82570,56.79,5257.78
82580,56.74,5257.78
82590,56.74,5257.78
82600,56.74,5257.78
82610,56.74,5257.78
82620,56.74,5257.78
82630,56.74,5257.78
82640,56.74,5257.78
82650,56.74,5257.78
82660,56.74,5257.78
82670,56.74,5257.78
82680,56.74,5257.78
82690,56.74,5257.78
82700,56.74,5257.78
82710,56.74,5257.78
82720,56.74,5257.78
82730,56.74,5257.78
82740,56.74,5257.78
82750,56.74,5257.78
82760,56.74,5257.78
82770,56.74,5257.78
82780,56.74,5257.78
82790,56.74,5257.78
82800,56.74,5257.78
82810,56.74,5257.78
82820,56.74,5257.78
82830,56.74,5257.78
82840,56.74,5257.78
82850,56.74,5257.78
82860,56.74,5257.78
82870,56.74,5257.78
82880,56.74,5257.78
82890,56.74,5257.78
82900,56.74,5257.78
82910,56.74,5257.78
82920,56.74,5257.78
82930,56.74,5257.78
82940,56.74,5257.78
82950,56.74,5257.78
82960,56.74,5257.78
82970,56.74,5257.78
82980,56.74,5257.78
82990,56.74,5257.78
83000,56.74,5257.78
83010,56.74,5257.78
83020,56.74,5257.78
83030,56.74,5257.78
83040,56.74,5257.78
83050,56.74,5257.78
83060,56.74,5257.78
83070,56.74,5257.78
83080,56.74,5257.78
83090,56.74,5257.78
83100,56.74,5257.78
83110,56.74,5257.78
83120,56.74,5257.78
83130,56.74,5257.78
83140,56.74,5257.78
83150,56.74,5257.78
83160,56.74,5257.78
83170,56.74,5257.78
83180,56.74,5257.78
83190,56.74,5257.78
83200,56.74,5257.78
83210,56.74,5257.78
83220,56.74,5257.78
83230,56.74,5257.78
83240,56.74,5257.78
83250,56.74,5257.78
83260,56.74,5257.78
83270,56.74,5257.78
83280,56.74,5257.78
83290,56.89,5257.78
83300,56.89,5257.78
83310,56.89,5257.78
83320,56.89,5257.78
83330,56.89,5257.78
83340,56.89,5257.78
83350,56.89,5257.78
83360,56.89,5257.78
83370,56.89,5257.78
83380,56.89,5257.78
83390,56.89,5257.78
83400,56.89,5257.78
83410,56.89,5257.78
83420,56.89,5257.78
83430,56.89,5257.78
83440,56.89,5257.78
83450,56.89,5257.78
83460,56.89,5413.69
83470,56.89,5413.69
83480,56.89,5413.69
83490,56.89,5413.69
83500,56.89,5413.69
83510,56.89,5413.69
83520,56.89,5413.69
83530,56.89,5413.69
83540,56.89,5413.69
83550,56.89,5413.69
83560,56.89,5413.69
83570,56.89,5413.69
83580,56.89,5413.69
83590,56.89,5413.69
83600,56.89,5413.69
83610,56.89,5413.69
83620,56.89,5413.69
83630,56.89,5413.69
83640,56.89,5413.69
83650,56.89,5413.69
83660,56.89,5413.69
83670,56.89,5413.69
83680,56.89,5413.69
83690,56.89,5413.69
83700,56.89,5413.69
83710,57.33,5413.69
83720,57.33,5413.69
83730,57.33,5413.69
83740,57.33,5413.69
83750,57.33,5413.69
83760,57.33,5413.69
83770,57.33,5413.69
83780,57.33,5413.69
83790,57.33,5413.69
83800,57.33,5413.69
83810,57.33,5413.69
83820,57.33,5413.69
83830,57.33,5413.69
83840,57.33,5517.56
83850,57.33,5517.56
83860,57.33,5517.56
83870,57.33,5517.56
83880,57.33,5517.56
83890,57.33,5517.56
83900,57.33,5517.56
83910,57.33,5517.56
83920,57.33,5517.56
83930,57.33,5517.56
83940,57.33,5517.56
83950,57.33,5517.56
83960,57.33,5517.56
83970,57.33,5517.56
83980,57.33,5517.56
83990,57.33,5517.56
84000,57.33,5517.56
84010,57.33,5517.56
84020,57.33,5517.56
84030,57.33,5517.56
84040,57.33,5517.56
84050,57.33,5517.56
84060,57.33,5517.56
84070,57.78,5517.56
84080,57.78,5517.56
84090,57.78,5517.56
84100,57.78,5517.56
84110,57.78,5517.56
84120,57.78,5517.56
84130,57.78,5517.56
84140,57.78,5517.56
84150,57.78,5517.56
84160,57.78,5517.56
84170,57.78,5517.56
84180,57.78,5517.56
84190,57.78,5517.56
84200,57.78,5517.56
84210,57.78,5517.56
84220,57.78,5517.56
84230,57.78,5428.71
84240,57.78,5428.71
84250,57.78,5428.71
84260,57.78,5428.71
84270,57.78,5428.71
84280,57.78,5428.71
84290,57.78,5428.71
84300,57.78,5428.71
84310,57.78,5428.71
84320,57.78,5428.71
84330,57.78,5428.71
84340,57.78,5428.71
84350,57.78,5428.71
84360,57.78,5428.71
84370,57.78,5428.71
84380,57.78,5428.71
84390,57.78,5428.71
84400,57.78,5428.71
84410,57.78,5428.71
84420,57.78,5428.71
84430,57.78,5428.71
84440,57.78,5548.32
84450,57.78,5548.32
84460,57.78,5548.32
84470,57.75,5548.32
84480,57.75,5548.32
84490,57.75,5548.32
84500,57.75,5548.32
84510,57.75,5548.32
84520,57.75,5548.32
84530,57.75,5548.32
84540,57.75,5548.32
84550,57.75,5548.32
84560,57.75,5548.32
84570,57.75,5548.32
84580,57.75,5548.32
84590,57.75,5548.32
84600,57.75,5548.32
84610,57.75,5548.32
84620,57.75,5548.32
84630,57.75,5548.32
84640,57.75,5548.32
84650,57.75,5548.32
84660,57.75,5548.32
84670,57.75,5548.32
84680,57.75,5548.32
84690,57.75,5548.32
84700,57.75,5548.32
84710,57.75,5548.32
84720,57.75,5548.32
84730,58.26,5548.32
84740,58.26,5548.32
84750,58.26,5548.32
84760,58.26,5548.32
84770,58.26,5548.32
84780,58.26,5548.32
84790,58.26,5548.32
84800,58.26,5671.38
84810,58.26,5671.38
84820,58.26,5671.38
84830,58.26,5671.38
84840,58.26,5671.38
84850,58.26,5671.38
84860,58.26,5671.38
84870,58.26,5671.38
84880,58.26,5671.38
84890,58.26,5671.38
84900,58.26,5671.38
84910,58.26,5671.38
84920,58.26,5671.38
84930,58.26,5671.38
84940,58.26,5671.38
84950,58.26,5671.38
84960,57.99,5671.38
84970,57.99,5671.38
84980,57.99,5671.38
84990,57.99,5671.38
85000,57.99,5671.38
85010,57.99,5671.38
85020,57.99,5671.38
85030,57.99,5671.38
85040,57.99,5671.38
85050,57.99,5671.38
85060,57.99,5671.38
85070,57.99,5671.38
85080,57.99,5671.38
85090,57.99,5671.38
85100,57.99,5671.38
85110,57.99,5671.38
85120,57.99,5671.38
85130,57.99,5671.38
85140,57.99,5671.38
85150,57.99,5671.38
85160,57.99,5671.38
85170,57.99,5671.38
85180,57.99,5671.38
85190,57.99,5671.38
85200,57.99,5671.38
85210,57.99,5547.88
85220,57.99,5547.88
85230,57.99,5547.88
85240,57.99,5547.88
85250,57.99,5547.88
85260,57.99,5547.88
85270,57.99,5547.88
85280,57.99,5547.88
85290,57.99,5547.88
85300,57.99,5547.88
85310,57.99,5547.88
85320,57.99,5547.88
85330,57.99,5547.88
85340,57.99,5547.88
85350,57.99,5547.88
85360,57.99,5547.88
85370,57.99,5547.88
85380,57.99,5547.88
85390,57.99,5547.88
85400,57.99,5547.88
85410,57.49,5547.88
85420,57.49,5547.88
85430,57.49,5547.88
85440,57.49,5547.88
85450,57.49,5547.88
85460,57.49,5547.88
85470,57.49,5547.88
85480,57.49,5547.88
85490,57.49,5547.88
85500,57.49,5547.88
85510,57.49,5573.45
85520,57.49,5573.45
85530,57.49,5573.45
85540,57.49,5573.45
85550,57.49,5573.45
85560,57.49,5573.45
85570,57.49,5573.45
85580,57.49,5573.45
85590,57.49,5573.45
85600,57.49,5573.45
85610,57.49,5573.45
85620,57.49,5573.45
85630,57.49,5573.45
85640,57.49,5573.45
85650,57.49,5573.45
85660,57.49,5573.45
85670,57.49,5573.45
85680,57.49,5573.45
85690,57.49,5573.45
85700,57.49,5573.45
85710,57.49,5573.45
85720,57.49,5573.45
85730,57.49,5573.45
85740,57.37,5573.45
85750,57.37,5573.45
85760,57.37,5573.45
85770,57.37,5573.45
85780,57.37,5573.45
85790,57.37,5573.45
85800,57.37,5573.45
85810,57.37,5573.45
85820,57.37,5573.45
85830,57.37,5573.45
85840,57.37,5573.45
85850,57.37,5573.45
85860,57.37,5573.45
85870,57.37,5573.45
85880,57.37,5573.45
85890,57.37,5573.45
85900,57.37,5573.45
85910,57.37,5573.45
85920,57.37,5573.45
85930,57.37,5573.45
85940,57.37,5573.45
85950,56.87,5573.45
85960,56.87,5573.45
85970,56.87,5573.45
85980,56.87,5633.78
85990,56.87,5633.78
86000,56.87,5633.78
86010,56.87,5633.78
86020,56.87,5633.78
86030,56.87,5633.78
86040,56.87,5633.78
86050,56.87,5633.78
86060,56.87,5633.78
86070,56.87,5633.78
86080,56.87,5633.78
86090,56.87,5633.78
86100,56.87,5633.78
86110,56.87,5633.78
86120,56.87,5633.78
86130,56.87,5633.78
86140,56.87,5633.78
86150,56.87,5633.78
86160,56.87,5633.78
86170,56.87,5633.78
86180,56.87,5633.78
86190,56.87,5633.78
86200,56.74,5633.78
86210,56.74,5633.78
86220,56.74,5633.78
86230,56.74,5633.78
86240,56.74,5633.78
86250,56.74,5633.78
86260,56.74,5633.78
86270,56.74,5633.78
86280,56.74,5633.78
86290,56.74,5633.78
86300,56.74,5633.78
86310,56.74,5633.78
86320,56.74,5614.64
86330,56.74,5614.64
86340,56.74,5614.64
86350,56.74,5614.64
86360,56.74,5614.64
86370,56.74,5614.64
86380,56.74,5614.64
86390,56.74,5614.64
86400,56.74,5614.64
86410,56.74,5614.64
86420,56.74,5614.64
86430,56.74,5614.64
86440,56.74,5614.64
86450,56.74,5614.64
86460,56.74,5614.64
86470,56.74,5614.64
86480,56.74,5614.64
86490,56.74,5614.64
86500,56.74,5614.64
86510,56.74,5614.64
86520,56.74,5614.64
86530,56.74,5614.64
86540,56.74,5614.64
86550,56.74,5614.64
86560,56.74,5614.64
86570,56.74,5614.64
86580,56.74,5614.64
86590,56.74,5614.64
86600,56.74,5614.64
86610,56.74,5614.64
86620,56.74,5614.64
86630,56.74,5742.35
86640,56.74,5742.35
86650,56.74,5742.35
86660,56.74,5742.35
86670,56.74,5742.35
86680,56.74,5742.35
86690,56.74,5742.35
86700,56.74,5742.35
86710,56.74,5742.35
86720,56.74,5742.35
86730,56.74,5742.35
86740,56.74,5742.35
86750,56.74,5742.35
86760,56.74,5742.35
86770,56.74,5742.35
86780,56.74,5742.35
86790,56.74,5742.35
86800,56.74,5742.35
86810,56.74,5742.35
86820,56.74,5742.35
86830,56.74,5742.35
86840,56.74,5742.35
86850,56.74,5742.35
86860,56.74,5742.35
86870,56.74,5742.35
86880,56.74,5742.35
86890,56.74,5742.35
86900,56.74,5742.35
86910,56.74,5742.35
86920,56.74,5742.35
86930,56.74,5742.35
86940,56.74,5742.35
86950,56.74,5742.35
86960,56.74,5742.35
86970,56.74,5742.35
86980,56.74,5742.35
86990,56.74,5742.35
87000,56.74,5742.35
87010,56.74,5742.35
87020,56.74,5742.35
87030,56.74,5742.35
87040,56.74,5742.35
87050,56.74,5742.35
87060,56.74,5742.35
87070,56.74,5742.35
87080,56.74,5742.35
87090,56.74,5742.35
87100,56.74,5742.35
87110,56.74,5633.94
87120,56.74,5633.94
87130,56.74,5633.94
87140,56.74,5633.94
87150,56.74,5633.94
87160,56.74,5633.94
87170,56.74,5633.94
87180,56.74,5633.94
87190,56.74,5633.94
87200,56.74,5633.94
87210,56.74,5633.94
87220,56.74,5633.94
87230,56.74,5633.94
87240,56.74,5633.94
87250,56.74,5633.94
87260,56.74,5633.94
87270,56.74,5633.94
87280,56.74,5633.94
87290,56.74,5633.94
87300,56.74,5633.94
87310,56.74,5633.94
87320,56.74,5633.94
87330,56.74,5722.07
87340,56.74,5722.07
87350,56.74,5722.07
87360,56.74,5722.07
87370,56.74,5722.07
87380,56.74,5722.07
87390,56.74,5722.07
87400,56.74,5722.07
87410,56.74,5722.07
87420,56.74,5722.07
87430,56.74,5722.07
87440,56.74,5722.07
87450,56.74,5722.07
87460,56.74,5722.07
87470,56.74,5722.07
87480,56.74,5722.07
87490,56.74,5722.07
87500,56.74,5722.07
87510,56.74,5722.07
87520,56.74,5722.07
87530,56.74,5722.07
87540,56.74,5722.07
87550,56.74,5722.07
87560,56.74,5722.07
87570,56.74,5722.07
87580,56.74,5722.07
87590,57.05,5722.07
87600,57.05,5722.07
87610,57.05,5722.07
87620,57.05,5722.07
87630,57.05,5722.07
87640,57.05,5722.07
87650,57.05,5722.07
87660,57.05,5722.07
87670,57.05,5686.21
87680,57.05,5686.21
87690,57.05,5686.21
87700,57.05,5686.21
87710,57.05,5686.21
87720,57.05,5686.21
87730,57.05,5686.21
87740,57.05,5686.21
87750,57.05,5686.21
87760,57.05,5686.21
87770,57.05,5686.21
87780,57.05,5686.21
87790,57.05,5686.21
87800,57.05,5686.21
87810,57.05,5686.21
87820,57.05,5686.21
87830,57.05,5686.21
87840,57.05,5686.21
87850,57.05,5686.21
87860,57.05,5686.21
87870,57.05,5686.21
87880,57.05,5686.21
87890,57.05,5686.21
87900,57.05,5686.21
87910,57.05,5686.21
87920,57.05,5686.21
87930,57.05,5686.21
87940,57.05,5686.21
87950,57.05,5686.21
87960,57.05,5686.21
87970,56.74,5686.21
87980,56.74,5686.21
87990,56.74,5686.21
88000,56.74,5686.21
88010,56.74,5686.21
88020,56.74,5686.21
88030,56.74,5686.21
88040,56.74,5686.21
88050,56.74,5686.21
88060,56.74,5686.21
88070,56.74,5686.21
88080,56.74,5686.21
88090,56.74,5686.21
88100,56.74,5686.21
88110,56.74,5686.21
88120,56.74,5686.21
88130,56.74,5744.05
88140,56.74,5744.05
88150,56.74,5744.05
88160,56.74,5744.05
88170,56.74,5744.05
88180,56.74,5744.05
88190,56.74,5744.05
88200,56.74,5744.05
88210,56.74,5744.05
88220,56.74,5744.05
88230,56.74,5744.05
88240,56.74,5744.05
88250,56.74,5744.05
88260,56.74,5744.05
88270,56.74,5744.05
88280,56.74,5744.05
88290,56.74,5744.05
88300,56.74,5744.05
88310,56.74,5744.05
88320,56.74,5744.05
88330,56.74,5744.05
88340,56.74,5744.05
88350,56.74,5744.05
88360,56.74,5744.05
88370,56.74,5744.05
88380,56.74,5744.05
88390,56.74,5744.05
88400,56.74,5744.05
88410,57.01,5744.05
88420,57.01,5744.05
88430,57.01,5744.05
88440,57.01,5738.58
88450,57.01,5738.58
88460,57.01,5738.58
88470,57.01,5738.58
88480,57.01,5738.58
88490,57.01,5738.58
88500,57.01,5738.58
88510,57.01,5738.58
88520,57.01,5738.58
88530,57.01,5738.58
88540,57.01,5738.58
88550,57.01,5738.58
88560,57.01,5738.58
88570,57.01,5738.58
88580,57.01,5738.58
88590,57.01,5738.58
88600,57.01,5738.58
88610,57.01,5738.58
88620,57.01,5738.58
88630,57.01,5738.58
88640,57.01,5738.58
88650,57.01,5738.58
88660,57.01,5738.58
88670,57.01,5738.58
88680,57.01,5745.23
88690,57.01,5745.23
88700,57.01,5745.23
88710,57.01,5745.23
88720,57.01,5745.23
88730,57.01,5745.23
88740,57.01,5745.23
88750,57.01,5745.23
88760,57.01,5745.23
88770,57.01,5745.23
88780,57.01,5745.23
88790,57.01,5745.23
88800,57.01,5745.23
88810,57.01,5745.23
88820,57.01,5745.23
88830,57.01,5745.23
88840,57.01,5745.23
88850,56.87,5745.23
88860,56.87,5745.23
88870,56.87,5745.23
88880,56.87,5745.23
88890,56.87,5745.23
88900,56.87,5745.23
88910,56.87,5745.23
88920,56.87,5745.23
88930,56.87,5667.66
88940,56.87,5667.66
88950,56.87,5667.66
88960,56.87,5667.66
88970,56.87,5667.66
88980,56.87,5667.66
88990,56.87,5667.66
89000,56.87,5667.66
89010,56.87,5667.66
89020,56.87,5667.66
89030,56.87,5667.66
89040,56.87,5667.66
89050,56.87,5667.66
89060,56.87,5667.66
89070,56.87,5667.66
89080,56.87,5667.66
89090,56.87,5667.66
89100,56.87,5667.66
89110,56.87,5667.66
89120,56.87,5667.66
89130,56.87,5667.66
89140,56.87,5667.66
89150,56.87,5667.66
89160,56.87,5667.66
89170,56.87,5667.66
89180,56.74,5667.66
89190,56.74,5667.66
89200,56.74,5667.66
89210,56.74,5667.66
89220,56.74,5667.66
89230,56.74,5667.66
89240,56.74,5667.66
89250,56.74,5667.66
89260,56.74,5667.66
89270,56.74,5667.66
89280,56.74,5667.66
89290,56.74,5667.66
89300,56.74,5667.66
89310,56.74,5719.01
89320,56.74,5719.01
89330,56.74,5719.01
89340,56.74,5719.01
89350,56.74,5719.01
89360,56.74,5719.01
89370,56.74,5719.01
89380,56.74,5719.01
89390,56.74,5719.01
89400,56.74,5719.01
89410,56.74,5719.01
89420,56.74,5719.01
89430,56.74,5719.01
89440,56.74,5719.01
89450,56.74,5719.01
89460,56.74,5719.01
89470,56.74,5719.01
89480,56.74,5719.01
89490,56.74,5719.01
89500,56.74,5719.01
89510,56.74,5719.01
89520,56.74,5719.01
89530,56.74,5719.01
89540,56.74,5719.01
89550,56.74,5575.46
89560,56.74,5575.46
89570,56.74,5575.46
89580,56.74,5575.46
89590,56.74,5575.46
89600,56.74,5575.46
89610,56.74,5575.46
89620,56.74,5575.46
89630,56.74,5575.46
89640,56.74,5575.46
89650,56.74,5575.46
89660,56.74,5575.46
89670,56.74,5575.46
89680,56.74,5575.46
89690,56.74,5575.46
89700,56.74,5575.46
89710,56.74,5575.46
89720,56.74,5575.46
89730,56.74,5575.46
89740,56.74,5575.46
89750,56.74,5575.46
89760,56.74,5575.46
89770,56.74,5575.46
89780,56.74,5575.46
89790,56.74,5575.46
89800,56.74,5575.46
89810,56.74,5575.46
89820,56.74,5575.46
89830,56.74,5575.46
89840,56.74,5575.46
89850,56.74,5575.46
89860,56.74,5575.46
89870,56.74,5575.46
89880,56.74,5575.46
89890,56.74,5575.46
89900,56.74,5575.46
89910,56.74,5575.46
89920,56.74,5575.46
89930,56.74,5575.46
89940,56.74,5575.46
89950,56.74,5575.46
89960,56.74,5491.44
89970,56.74,5491.44
89980,56.74,5491.44
89990,56.74,5491.44
90000,56.74,5491.44
90010,56.74,5491.44
90020,56.74,5491.44
90030,56.74,5491.44
90040,56.74,5491.44
90050,56.74,5491.44
90060,56.74,5491.44
90070,56.74,5491.44
90080,56.74,5491.44
90090,56.74,5491.44
90100,56.74,5491.44
90110,56.74,5491.44
90120,56.74,5491.44
90130,56.74,5491.44
90140,56.74,5491.44
90150,56.74,5491.44
90160,56.74,5491.44
90170,56.74,5491.44
90180,56.74,5491.44
90190,56.74,5491.44
90200,56.74,5491.44
90210,56.74,5491.44
90220,56.74,5491.44
90230,56.74,5491.44
90240,56.74,5491.44
90250,56.74,5491.44
90260,56.74,5491.44
90270,56.74,5529.2
90280,56.74,5529.2
90290,56.74,5529.2
90300,56.74,5529.2
90310,56.74,5529.2
90320,56.74,5529.2
90330,56.74,5529.2
90340,56.74,5529.2
90350,56.74,5529.2
90360,56.74,5529.2
90370,56.74,5529.2
90380,56.74,5529.2
90390,56.74,5529.2
90400,56.74,5529.2
90410,56.74,5529.2
90420,56.74,5529.2
90430,56.74,5529.2
90440,56.74,5529.2
90450,56.74,5529.2
90460,56.74,5529.2
90470,56.74,5529.2
90480,56.74,5529.2
90490,56.74,5491.44
90500,56.74,5491.44
90510,56.74,5491.44
90520,56.74,5491.44
90530,56.74,5491.44
90540,56.74,5491.44
90550,56.74,5491.44
90560,56.74,5491.44
90570,56.74,5491.44
90580,56.74,5491.44
90590,56.74,5491.44
90600,56.74,5491.44
90610,56.74,5491.44
90620,56.74,5491.44
90630,56.74,5491.44
90640,56.74,5491.44
90650,56.74,5491.44
90660,56.74,5491.44
90670,56.74,5491.44
90680,56.74,5491.44
90690,56.74,5491.44
90700,56.74,5491.44
90710,56.74,5491.44
90720,56.74,5491.44
90730,56.74,5491.44
90740,56.74,5491.44
90750,56.74,5491.44
90760,56.74,5491.44
90770,56.74,5491.44
90780,56.74,5491.44
90790,56.74,5491.44
90800,56.74,5491.44
90810,56.74,5491.44
90820,56.74,5491.44
90830,56.74,5491.44
90840,56.74,5491.44
90850,56.74,5491.44
90860,56.74,5491.44
90870,56.74,5491.44
90880,56.74,5491.44
90890,56.74,5491.44
90900,56.74,5491.44
90910,56.74,5491.44
90920,56.74,5491.44
90930,56.74,5491.44
90940,56.74,5491.44
90950,56.74,5491.44
90960,56.74,5520.1
90970,56.74,5520.1
90980,56.74,5520.1
90990,56.74,5520.1
91000,56.74,5520.1
91010,56.91,5520.1
91020,56.91,5520.1
91030,56.91,5520.1
91040,56.91,5520.1
91050,56.91,5520.1
91060,56.91,5520.1
91070,56.91,5520.1
91080,56.91,5520.1
91090,56.91,5520.1
91100,56.91,5520.1
91110,56.91,5520.1
91120,56.91,5520.1
91130,56.91,5520.1
91140,56.91,5520.1
91150,56.91,5520.1
91160,56.91,5520.1
91170,56.91,5520.1
91180,56.91,5520.1
91190,56.91,5520.1
91200,56.91,5520.1
91210,56.91,5645.46
91220,56.91,5645.46
91230,56.91,5645.46
91240,56.91,5645.46
91250,56.91,5645.46
91260,56.91,5645.46
91270,56.91,5645.46
91280,56.91,5645.46
91290,56.91,5645.46
91300,56.91,5645.46
91310,56.91,5645.46
91320,56.91,5645.46
91330,56.91,5645.46
91340,56.91,5645.46
91350,56.91,5645.46
91360,56.91,5645.46
91370,56.91,5645.46
91380,56.91,5645.46
91390,56.91,5645.46
91400,56.91,5645.46
91410,56.91,5645.46
91420,56.91,5645.46
91430,56.91,5645.46
91440,56.91,5645.46
91450,56.91,5645.46
91460,56.91,5645.46
91470,56.91,5645.46
91480,56.91,5645.46
91490,56.91,5645.46
91500,56.74,5645.46
91510,56.74,5645.46
91520,56.74,5645.46
91530,56.74,5645.46
91540,56.74,5627.65
91550,56.74,5627.65
91560,56.74,5627.65
91570,56.74,5627.65
91580,56.74,5627.65
91590,56.74,5627.65
91600,56.74,5627.65
91610,56.74,5627.65
91620,56.74,5627.65
91630,56.74,5627.65
91640,56.74,5627.65
91650,56.74,5627.65
91660,56.74,5627.65
91670,56.74,5627.65
91680,56.74,5627.65
91690,56.74,5627.65
91700,56.74,5627.65
91710,56.74,5627.65
91720,56.74,5627.65
91730,56.74,5627.65
91740,56.74,5627.65
91750,56.74,5627.65
91760,56.74,5627.65
91770,56.74,5627.65
91780,56.74,5503.98
91790,56.74,5503.98
91800,56.74,5503.98
91810,56.74,5503.98
91820,56.74,5503.98
91830,56.74,5503.98
91840,56.74,5503.98
91850,56.74,5503.98
91860,56.74,5503.98
91870,56.74,5503.98
91880,56.74,5503.98
91890,56.74,5503.98
91900,56.74,5503.98
91910,56.74,5503.98
91920,56.74,5503.98
91930,56.74,5503.98
91940,56.74,5503.98
91950,56.74,5503.98
91960,56.74,5503.98
91970,56.76,5503.98
91980,56.76,5503.98
91990,56.76,5491.44
92000,56.76,5491.44
92010,56.76,5491.44
92020,56.76,5491.44
92030,56.76,5491.44
92040,56.76,5491.44
92050,56.76,5491.44
92060,56.76,5491.44
92070,56.76,5491.44
92080,56.76,5491.44
92090,56.76,5491.44
92100,56.76,5491.44
92110,56.76,5491.44
92120,56.76,5491.44
92130,56.76,5491.44
92140,56.76,5491.44
92150,56.76,5491.44
92160,56.76,5491.44
92170,56.76,5491.44
92180,56.76,5491.44
92190,56.76,5491.44
92200,56.76,5491.44
92210,56.76,5491.44
92220,56.76,5491.44
92230,56.76,5622.26
92240,56.76,5622.26
92250,56.76,5622.26
92260,56.76,5622.26
92270,56.76,5622.26
92280,56.76,5622.26
92290,56.76,5622.26
92300,56.76,5622.26
92310,56.76,5622.26
92320,56.76,5622.26
92330,56.76,5622.26
92340,56.96,5622.26
92350,56.96,5622.26
92360,56.96,5622.26
92370,56.96,5622.26
92380,56.96,5622.26
92390,56.96,5622.26
92400,56.96,5622.26
92410,56.96,5622.26
92420,56.96,5622.26
92430,56.96,5622.26
92440,56.96,5622.26
92450,56.96,5622.26
92460,56.96,5622.26
92470,56.96,5622.26
92480,56.96,5622.26
92490,56.96,5622.26
92500,56.96,5622.26
92510,56.96,5622.26
92520,56.96,5622.26
92530,56.96,5622.26
92540,56.96,5622.26
92550,56.96,5546.29
92560,56.96,5546.29
92570,56.96,5546.29
92580,56.96,5546.29
92590,56.96,5546.29
92600,56.96,5546.29
92610,56.96,5546.29
92620,56.96,5546.29
92630,56.96,5546.29
92640,56.96,5546.29
92650,56.96,5546.29
92660,56.96,5546.29
92670,56.96,5546.29
92680,56.96,5546.29
92690,56.96,5546.29
92700,56.96,5546.29
92710,56.96,5546.29
92720,56.96,5546.29
92730,56.96,5546.29
92740,56.96,5546.29
92750,56.96,5546.29
92760,56.96,5546.29
92770,56.96,5546.29
92780,56.96,5546.29
92790,56.96,5546.29
92800,56.96,5546.29
92810,56.96,5546.29
92820,56.74,5546.29
92830,56.74,5546.29
92840,56.74,5546.29
92850,56.74,5546.29
92860,56.74,5546.29
92870,56.74,5546.29
92880,56.74,5546.29
92890,56.74,5546.29
92900,56.74,5546.29
92910,56.74,5546.29
92920,56.74,5546.29
92930,56.74,5546.29
92940,56.74,5546.29
92950,56.74,5546.29
92960,56.74,5546.29
92970,56.74,5546.29
92980,56.74,5546.29
92990,56.74,5546.29
93000,56.74,5546.29
93010,56.74,5491.44
93020,56.74,5491.44
93030,56.74,5491.44
93040,56.74,5491.44
93050,56.74,5491.44
93060,56.74,5491.44
93070,56.74,5491.44
93080,56.74,5491.44
93090,56.74,5491.44
93100,56.74,5491.44
93110,56.74,5491.44
93120,56.74,5491.44
93130,56.74,5491.44
93140,56.74,5491.44
93150,56.74,5491.44
93160,56.74,5491.44
93170,56.74,5491.44
93180,56.74,5491.44
93190,56.74,5491.44
93200,56.74,5491.44
93210,56.74,5491.44
93220,56.74,5491.44
93230,56.74,5491.44
93240,56.74,5491.44
93250,56.74,5491.44
93260,56.74,5491.44
93270,56.74,5491.44
93280,56.74,5491.44
93290,56.74,5491.44
93300,56.74,5491.44
93310,56.74,5491.44
93320,56.74,5491.44
93330,56.74,5491.44
93340,56.74,5491.44
93350,56.74,5491.44
93360,56.74,5491.44
93370,56.74,5491.44
93380,56.74,5491.44
93390,56.74,5491.44
93400,56.74,5491.44
93410,56.74,5491.44
93420,56.74,5491.44
93430,56.74,5491.44
93440,56.74,5491.44
93450,56.74,5491.44
93460,56.74,5491.44
93470,56.74,5491.44
93480,56.74,5491.44
93490,56.74,5491.44
93500,56.74,5540.68
93510,56.74,5540.68
93520,56.74,5540.68
93530,56.74,5540.68
93540,56.74,5540.68
93550,56.74,5540.68
93560,56.74,5540.68
93570,56.74,5540.68
93580,56.74,5540.68
93590,56.74,5540.68
93600,56.74,5540.68
93610,56.74,5540.68
93620,56.74,5540.68
93630,56.74,5540.68
93640,56.74,5540.68
93650,56.74,5540.68
93660,56.74,5540.68
93670,56.74,5540.68
93680,56.74,5540.68
93690,56.74,5540.68
93700,56.74,5540.68
93710,56.74,5540.68
93720,56.74,5540.68
93730,56.74,5540.68
93740,56.74,5540.68
93750,56.74,5540.68
93760,56.74,5540.68
93770,56.74,5540.68
93780,56.74,5540.68
93790,56.74,5491.44
93800,56.74,5491.44
93810,56.74,5491.44
93820,56.74,5491.44
93830,56.74,5491.44
93840,56.74,5491.44
93850,56.74,5491.44
93860,57.13,5491.44
93870,57.13,5491.44
93880,57.13,5491.44
93890,57.13,5491.44
93900,57.13,5491.44
93910,57.13,5491.44
93920,57.13,5491.44
93930,57.13,5491.44
93940,57.13,5491.44
93950,57.13,5491.44
93960,57.13,5491.44
93970,57.13,5491.44
93980,57.13,5491.44
93990,57.13,5491.44
94000,57.13,5491.44
94010,57.13,5491.44
94020,57.13,5491.44
94030,57.13,5491.44
94040,57.13,5491.44
94050,57.13,5491.44
94060,57.2,5491.44
94070,57.2,5491.44
94080,57.2,5491.44
94090,57.2,5491.44
94100,57.2,5491.44
94110,57.2,5491.44
94120,57.2,5491.44
94130,57.2,5491.44
94140,57.2,5491.44
94150,57.2,5491.44
94160,57.2,5491.44
94170,57.2,5491.44
94180,57.2,5491.44
94190,57.2,5491.44
94200,57.2,5491.44
94210,57.2,5491.44
94220,57.2,5491.44
94230,57.2,5491.44
94240,57.2,5491.44
94250,57.2,5491.44
94260,57.2,5491.44
94270,57.2,5491.44
94280,57.2,5491.44
94290,57.2,5491.44
94300,57.2,5491.44
94310,57.2,5491.44
94320,57.2,5491.44
94330,57.2,5491.44
94340,57.2,5491.44
94350,56.87,5491.44
94360,56.87,5491.44
94370,56.87,5491.44
94380,56.87,5491.44
94390,56.87,5491.44
94400,56.87,5491.44
94410,56.87,5491.44
94420,56.87,5491.44
94430,56.87,5491.44
94440,56.87,5491.44
94450,56.87,5491.44
94460,56.87,5491.44
94470,56.87,5491.44
94480,56.87,5491.44
94490,56.87,5491.44
94500,56.87,5491.44
94510,56.87,5491.44
94520,56.87,5491.44
94530,56.87,5491.44
94540,56.87,5567.87
94550,56.87,5567.87
94560,56.74,5567.87
94570,56.74,5567.87
94580,56.74,5567.87
94590,56.74,5567.87
94600,56.74,5567.87
94610,56.74,5567.87
94620,56.74,5567.87
94630,56.74,5567.87
94640,56.74,5567.87
94650,56.74,5567.87
94660,56.74,5567.87
94670,56.74,5567.87
94680,56.74,5567.87
94690,56.74,5567.87
94700,56.74,5567.87
94710,56.74,5567.87
94720,56.74,5567.87
94730,56.74,5567.87
94740,56.74,5567.87
94750,56.74,5567.87
94760,56.74,5567.87
94770,56.74,5567.87
94780,56.74,5567.87
94790,56.74,5567.87
94800,56.74,5567.87
94810,56.74,5567.87
94820,56.74,5567.87
94830,56.74,5567.87
94840,56.74,5567.87
94850,56.74,5567.87
94860,56.74,5567.87
94870,56.74,5567.87
94880,56.74,5567.87
94890,56.74,5567.87
94900,56.74,5567.87
94910,56.74,5567.87
94920,56.74,5567.87
94930,56.74,5567.87
94940,56.74,5567.87
94950,56.74,5567.87
94960,56.74,5567.87
94970,56.74,5567.87
94980,56.74,5567.87
94990,56.74,5567.87
95000,56.74,5567.87
95010,56.74,5567.87
95020,56.74,5567.87
95030,56.74,5595.58
95040,57.04,5595.58
95050,57.04,5595.58
95060,57.04,5595.58
95070,57.04,5595.58
95080,57.04,5595.58
95090,57.04,5595.58
95100,57.04,5595.58
95110,57.04,5595.58
95120,57.04,5595.58
95130,57.04,5595.58
95140,57.04,5595.58
95150,57.04,5595.58
95160,57.04,5595.58
95170,57.04,5595.58
95180,57.04,5595.58
95190,57.04,5595.58
95200,57.04,5595.58
95210,57.04,5595.58
95220,57.04,5595.58
95230,57.04,5595.58
95240,57.04,5595.58
95250,57.04,5595.58
95260,57.04,5595.58
95270,57.04,5595.58
95280,57.04,5595.58
95290,57.28,5595.58
95300,57.28,5595.58
95310,57.28,5595.58
95320,57.28,5595.58
95330,57.28,5595.58
95340,57.28,5595.58
95350,57.28,5595.58
95360,57.28,5595.58
95370,57.28,5595.58
95380,57.28,5595.58
95390,57.28,5595.58
95400,57.28,5595.58
95410,57.28,5595.58
95420,57.28,5595.58
95430,57.28,5595.58
95440,57.28,5491.44
95450,57.28,5491.44
95460,57.28,5491.44
95470,57.28,5491.44
95480,57.28,5491.44
95490,57.28,5491.44
95500,57.28,5491.44
95510,57.28,5491.44
95520,57.28,5491.44
95530,57.28,5491.44
95540,57.28,5491.44
95550,57.28,5491.44
95560,57.28,5491.44
95570,57.28,5491.44
95580,57.28,5491.44
95590,57.28,5491.44
95600,57.28,5491.44
95610,57.28,5491.44
95620,57.28,5491.44
95630,57.28,5491.44
95640,57.28,5491.44
95650,57.28,5491.44
95660,57.28,5491.44
95670,57.28,5491.44
95680,57.28,5491.44
95690,57.28,5491.44
95700,57.28,5491.44
95710,57.28,5491.44
95720,57.28,5491.44
95730,57.28,5491.44
95740,57.28,5491.44
95750,57.78,5491.44
95760,57.78,5491.44
95770,57.78,5491.44
95780,57.78,5491.44
95790,57.78,5491.44
95800,57.78,5491.44
95810,57.78,5491.44
95820,57.78,5491.44
95830,57.78,5491.44
95840,57.78,5491.44
95850,57.78,5491.44
95860,57.78,5491.44
95870,57.78,5491.44
95880,57.78,5491.44
95890,57.78,5491.44
95900,57.78,5491.44
95910,57.78,5491.44
95920,57.78,5491.44
95930,57.78,5491.44
95940,57.78,5491.44
95950,57.78,5491.44
95960,57.78,5491.44
95970,57.78,5491.44
95980,57.78,5491.44
95990,57.48,5491.44
96000,57.48,5491.44
96010,57.48,5491.44
96020,57.48,5491.44
96030,57.48,5491.44
96040,57.48,5491.44
96050,57.48,5491.44
96060,57.48,5491.44
96070,57.48,5491.44
96080,57.48,5491.44
96090,57.48,5491.44
96100,57.48,5491.44
96110,57.48,5491.44
96120,57.48,5491.44
96130,57.48,5491.44
96140,57.48,5491.44
96150,57.48,5491.44
96160,57.48,5491.44
96170,57.48,5491.44
96180,57.48,5491.44
96190,57.48,5491.44
96200,57.48,5491.44
96210,57.48,5491.44
96220,57.48,5491.44
96230,57.48,5491.44
96240,57.48,5491.44
96250,57.48,5491.44
96260,57.48,5491.44
96270,57.48,5491.44
96280,57.48,5491.44
96290,57.48,5491.44
96300,57.48,5491.44
96310,57.48,5491.44
96320,57.48,5491.44
96330,57.48,5491.44
96340,57.77,5491.44
96350,57.77,5491.44
96360,57.77,5613.29
96370,57.77,5613.29
96380,57.77,5613.29
96390,57.77,5613.29
96400,57.77,5613.29
96410,57.77,5613.29
96420,57.77,5613.29
96430,57.77,5613.29
96440,57.77,5613.29
96450,57.77,5613.29
96460,57.77,5613.29
96470,57.77,5613.29
96480,57.77,5613.29
96490,57.77,5613.29
96500,57.77,5613.29
96510,57.77,5613.29
96520,57.77,5613.29
96530,57.77,5613.29
96540,57.77,5613.29
96550,57.77,5613.29
96560,57.77,5613.29
96570,57.77,5613.29
96580,57.77,5613.29
96590,57.77,5613.29
96600,57.77,5613.29
96610,57.77,5613.29
96620,57.77,5613.29
96630,57.77,5613.29
96640,57.77,5613.29
96650,57.77,5613.29
96660,57.77,5613.29
96670,57.77,5613.29
96680,57.77,5613.29
96690,57.77,5613.29
96700,57.77,5613.29
96710,57.77,5613.29
96720,57.73,5613.29
96730,57.73,5613.29
96740,57.73,5613.29
96750,57.73,5613.29
96760,57.73,5613.29
96770,57.73,5613.29
96780,57.73,5613.29
96790,57.73,5613.29
96800,57.73,5613.29
96810,57.73,5502.26
96820,57.73,5502.26
96830,57.73,5502.26
96840,57.73,5502.26
96850,57.73,5502.26
96860,57.73,5502.26
96870,57.73,5502.26
96880,57.73,5502.26
96890,57.73,5502.26
96900,57.73,5502.26
96910,57.73,5502.26
96920,57.73,5502.26
96930,57.73,5502.26
96940,57.73,5502.26
96950,57.73,5502.26
96960,57.73,5502.26
96970,57.73,5502.26
96980,57.73,5502.26
96990,57.73,5502.26
97000,57.73,5502.26
97010,57.73,5502.26
97020,57.73,5502.26
97030,57.73,5502.26
97040,57.73,5502.26
97050,57.73,5502.26
97060,57.73,5502.26
97070,57.73,5502.26
97080,57.73,5502.26
97090,57.79,5502.26
97100,57.79,5502.26
97110,57.79,5502.26
97120,57.79,5502.26
97130,57.79,5502.26
97140,57.79,5502.26
97150,57.79,5502.26
97160,57.79,5502.26
97170,57.79,5502.26
97180,57.79,5502.26
97190,57.79,5502.26
97200,57.79,5502.26
97210,57.79,5502.26
97220,57.79,5502.26
97230,57.79,5502.26
97240,57.79,5502.26
97250,57.79,5502.26
97260,57.79,5502.26
97270,57.79,5502.26
97280,57.79,5502.26
97290,57.79,5491.44
97300,58.23,5491.44
97310,58.23,5491.44
97320,58.23,5491.44
97330,58.23,5491.44
97340,58.23,5491.44
97350,58.23,5491.44
97360,58.23,5491.44
97370,58.23,5491.44
97380,58.23,5491.44
97390,58.23,5491.44
97400,58.23,5491.44
97410,58.23,5491.44
97420,58.23,5491.44
97430,58.23,5491.44
97440,58.23,5491.44
97450,58.23,5491.44
97460,58.23,5491.44
97470,58.23,5491.44
97480,58.23,5491.44
97490,58.23,5491.44
97500,58.23,5491.44
97510,58.23,5491.44
97520,58.23,5491.44
97530,58.23,5491.44
97540,58.23,5491.44
97550,58.23,5501.85
97560,58.23,5501.85
97570,58.23,5501.85
97580,58.23,5501.85
97590,58.23,5501.85
97600,58.23,5501.85
97610,58.23,5501.85
97620,58.23,5501.85
97630,58.23,5501.85
97640,58.23,5501.85
97650,58.23,5501.85
97660,58.23,5501.85
97670,58.23,5501.85
97680,58.23,5501.85
97690,58.23,5501.85
97700,58.23,5501.85
97710,58.23,5501.85
97720,58.23,5501.85
97730,58.23,5501.85
97740,58.23,5501.85
97750,58.23,5501.85
97760,58.23,5501.85
97770,58.23,5501.85
97780,58.23,5501.85
97790,57.79,5545.16
97800,57.79,5545.16
97810,57.79,5545.16
97820,57.79,5545.16
97830,57.79,5545.16
97840,57.79,5545.16
97850,57.79,5545.16
97860,57.79,5545.16
97870,57.79,5545.16
97880,57.79,5545.16
97890,57.79,5545.16
97900,57.79,5545.16
97910,57.79,5545.16
97920,57.79,5545.16
97930,57.79,5545.16
97940,57.79,5545.16
97950,57.79,5545.16
97960,57.79,5545.16
97970,57.79,5545.16
97980,57.79,5545.16
97990,57.79,5545.16
98000,57.56,5545.16
98010,57.56,5545.16
98020,57.56,5545.16
98030,57.56,5545.16
98040,57.56,5545.16
98050,57.56,5545.16
98060,57.56,5545.16
98070,57.56,5545.16
98080,57.56,5545.16
98090,57.56,5545.16
98100,57.56,5545.16
98110,57.56,5545.16
98120,57.56,5545.16
98130,57.56,5545.16
98140,57.56,5545.16
98150,57.56,5545.16
98160,57.56,5545.16
98170,57.56,5545.16
98180,57.56,5545.16
98190,57.56,5545.16
98200,57.56,5545.16
98210,57.56,5545.16
98220,57.56,5491.44
98230,57.56,5491.44
98240,57.56,5491.44
98250,57.56,5491.44
98260,57.56,5491.44
98270,57.56,5491.44
98280,57.56,5491.44
98290,57.56,5491.44
98300,57.56,5491.44
98310,57.56,5491.44
98320,57.56,5491.44
98330,57.2,5491.44
98340,57.2,5491.44
98350,57.2,5491.44
98360,57.2,5491.44
98370,57.2,5491.44
98380,57.2,5491.44
98390,57.2,5491.44
98400,57.2,5491.44
98410,57.2,5491.44
98420,57.2,5491.44
98430,57.2,5491.44
98440,57.2,5491.44
98450,57.2,5491.44
98460,57.2,5491.44
98470,57.2,5491.44
98480,57.2,5491.44
98490,57.2,5491.44
98500,57.2,5491.44
98510,57.2,5491.44
98520,57.2,5491.44
98530,57.2,5491.44
98540,57.2,5491.44
98550,57.2,5491.44
98560,57.2,5491.44
98570,57.2,5491.44
98580,57.2,5575.62
98590,57.2,5575.62
98600,57.2,5575.62
98610,57.2,5575.62
98620,57.2,5575.62
98630,57.2,5575.62
98640,57.2,5575.62
98650,57.2,5575.62
98660,57.2,5575.62
98670,57.2,5575.62
98680,57.2,5575.62
98690,57.2,5575.62
98700,57.2,5575.62
98710,57.2,5575.62
98720,57.2,5575.62
98730,57.2,5575.62
98740,57.2,5575.62
98750,57.2,5575.62
98760,57.2,5575.62
98770,57.11,5575.62
98780,57.11,5575.62
98790,57.11,5575.62
98800,57.11,5575.62
98810,57.11,5575.62
98820,57.11,5575.62
98830,57.11,5575.62
98840,57.11,5575.62
98850,57.11,5575.62
98860,57.11,5491.44
98870,57.11,5491.44
98880,57.11,5491.44
98890,57.11,5491.44
98900,57.11,5491.44
98910,57.11,5491.44
98920,57.11,5491.44
98930,57.11,5491.44
98940,57.11,5491.44
98950,57.11,5491.44
98960,57.11,5491.44
98970,57.11,5491.44
98980,57.11,5491.44
98990,57.11,5491.44
99000,57.11,5491.44
99010,57.11,5491.44
99020,57.11,5491.44
99030,57.11,5491.44
99040,57.11,5491.44
99050,57.11,5491.44
99060,57.11,5491.44
99070,57.11,5491.44
99080,57.11,5491.44
99090,57.11,5491.44
99100,57.11,5491.44
99110,57.4,5491.44
99120,57.4,5491.44
99130,57.4,5491.44
99140,57.4,5653.07
99150,57.4,5653.07
99160,57.4,5653.07
99170,57.4,5653.07
99180,57.4,5653.07
99190,57.4,5653.07
99200,57.4,5653.07
99210,57.4,5653.07
99220,57.4,5653.07
99230,57.4,5653.07
99240,57.4,5653.07
99250,57.4,5653.07
99260,57.4,5653.07
99270,57.4,5653.07
99280,57.4,5653.07
99290,57.4,5653.07
99300,57.4,5653.07
99310,57.4,5653.07
99320,57.4,5653.07
99330,57.4,5653.07
99340,57.4,5653.07
99350,57.4,5653.07
99360,57.4,5653.07
99370,57.4,5653.07
99380,57.4,5653.07
99390,57.4,5653.07
99400,57.4,5653.07
99410,57.4,5653.07
99420,57.4,5653.07
99430,57.4,5653.07
99440,57.4,5653.07
99450,57.4,5653.07
99460,57.4,5653.07
99470,57.4,5653.07
99480,57.56,5653.07
99490,57.56,5653.07
99500,57.56,5653.07
99510,57.56,5653.07
99520,57.56,5653.07
99530,57.56,5653.07
99540,57.56,5653.07
99550,57.56,5653.07
99560,57.56,5597.33
99570,57.56,5597.33
99580,57.56,5597.33
99590,57.56,5597.33
99600,57.56,5597.33
99610,57.56,5597.33
99620,57.56,5597.33
99630,57.56,5597.33
99640,57.56,5597.33
99650,57.56,5597.33
99660,57.56,5597.33
99670,57.56,5597.33
99680,57.56,5597.33
99690,57.56,5597.33
99700,57.56,5597.33
99710,57.56,5597.33
99720,57.56,5597.33
99730,57.56,5597.33
99740,57.56,5597.33
99750,57.56,5597.33
99760,57.56,5597.33
99770,57.56,5597.33
99780,57.56,5597.33
99790,57.56,5597.33
99800,57.56,5597.33
99810,57.56,5597.33
99820,57.56,5597.33
99830,57.56,5597.33
99840,57.56,5597.33
99850,57.56,5597.33
99860,57.56,5597.33
99870,57.56,5597.33
99880,57.56,5597.33
99890,57.86,5597.33
99900,57.86,5597.33
99910,57.86,5597.33
99920,57.86,5597.33
99930,57.86,5597.33
99940,57.86,5597.33
99950,57.86,5597.33
99960,57.86,5597.33
99970,57.86,5597.33
99980,57.86,5597.33
99990,57.86,5597.33
100000,57.86,5597.33
100010,57.86,5597.33
100020,57.86,5597.33
100030,57.86,5597.33
100040,57.86,5597.33
100050,57.86,5597.33
100060,57.86,5597.33
100070,57.86,5597.33
100080,57.86,5597.33
100090,57.86,5597.33
100100,57.86,5597.33
100110,57.86,5597.33
100120,57.86,5597.33
100130,57.86,5597.33
100140,57.86,5597.33
100150,57.86,5597.33
100160,57.86,5597.33
100170,57.86,5597.33
100180,57.86,5597.33
100190,57.86,5597.33
100200,57.86,5597.33
100210,57.86,5597.33
100220,57.86,5597.33
100230,57.86,5597.33
100240,57.86,5597.33
100250,57.86,5597.33
100260,57.86,5597.33
100270,57.86,5597.33
100280,57.86,5597.33
100290,57.86,5597.33
100300,57.86,5696.48
100310,57.86,5696.48
100320,57.86,5696.48
100330,57.86,5696.48
100340,57.86,5696.48
100350,57.86,5696.48
100360,57.86,5696.48
100370,57.86,5696.48
100380,57.86,5696.48
100390,57.86,5696.48
100400,57.86,5696.48
100410,57.86,5696.48
100420,57.86,5696.48
100430,57.86,5696.48
100440,57.86,5696.48
100450,57.86,5696.48
100460,57.86,5696.48
100470,57.86,5696.48
100480,57.86,5696.48
100490,57.86,5696.48
100500,57.86,5696.48
100510,57.86,5696.48
100520,57.86,5696.48
100530,57.86,5696.48
100540,57.86,5696.48
100550,57.86,5696.48
100560,57.86,5696.48
100570,57.86,5696.48
100580,57.86,5834.47
100590,57.86,5834.47
100600,57.86,5834.47
100610,57.86,5834.47
100620,57.86,5834.47
100630,57.86,5834.47
100640,57.86,5834.47
100650,57.86,5834.47
100660,57.86,5834.47
100670,57.86,5834.47
100680,57.86,5834.47
100690,57.86,5834.47
100700,57.86,5834.47
100710,57.86,5834.47
100720,57.86,5834.47
100730,57.86,5834.47
100740,57.86,5834.47
100750,57.86,5834.47
100760,57.86,5834.47
100770,57.86,5834.47
100780,57.86,5834.47
100790,57.86,5834.47
100800,57.86,5834.47
100810,57.86,5834.47
100820,57.86,5834.47
100830,57.86,5834.47
100840,57.86,5834.47
100850,57.86,5834.47
100860,57.86,5834.47
100870,57.86,5834.47
100880,57.86,5834.47
100890,57.86,5834.47
100900,57.86,5834.47
100910,57.86,5834.47
100920,57.86,5834.47
100930,57.86,5834.47
100940,57.86,5834.47
100950,57.86,5834.47
100960,57.86,5834.47
100970,57.86,5698.82
100980,57.86,5698.82
100990,57.86,5698.82
101000,57.86,5698.82
101010,57.86,5698.82
101020,57.86,5698.82
101030,57.86,5698.82
101040,57.86,5698.82
101050,57.86,5698.82
101060,57.86,5698.82
101070,57.86,5698.82
101080,57.86,5698.82
101090,57.86,5698.82
101100,57.86,5698.82
101110,57.86,5698.82
101120,57.86,5698.82
101130,57.86,5698.82
101140,57.86,5698.82
101150,57.86,5698.82
101160,57.86,5698.82
101170,57.86,5698.82
101180,57.86,5698.82
101190,57.86,5698.82
101200,57.86,5698.82
101210,57.86,5698.82
101220,57.86,5698.82
101230,57.86,5698.82
101240,57.86,5698.82
101250,57.86,5698.82
101260,57.86,5698.82
101270,57.86,5698.82
101280,57.86,5698.82
101290,57.86,5698.82
101300,57.86,5698.82
101310,57.86,5599.8
101320,57.86,5599.8
101330,57.86,5599.8
101340,57.86,5599.8
101350,57.86,5599.8
101360,57.86,5599.8
101370,57.86,5599.8
101380,57.86,5599.8
101390,57.86,5599.8
101400,57.86,5599.8
101410,57.86,5599.8
101420,57.86,5599.8
101430,57.86,5599.8
101440,57.86,5599.8
101450,57.86,5599.8
101460,57.86,5599.8
101470,57.86,5599.8
101480,57.86,5599.8
101490,57.86,5599.8
101500,57.86,5599.8
101510,57.86,5599.8
101520,57.86,5599.8
101530,57.86,5599.8
101540,57.86,5599.8
101550,57.86,5599.8
101560,57.86,5599.8
101570,57.86,5599.8
101580,57.86,5599.8
101590,57.86,5599.8
101600,58.37,5599.8
101610,58.37,5599.8
101620,58.37,5599.8
101630,58.37,5597.33
101640,58.37,5597.33
101650,58.37,5597.33
101660,58.37,5597.33
101670,58.37,5597.33
101680,58.37,5597.33
101690,58.37,5597.33
101700,58.37,5597.33
101710,58.37,5597.33
101720,58.37,5597.33
101730,58.37,5597.33
101740,58.37,5597.33
101750,58.37,5597.33
101760,58.37,5597.33
101770,58.37,5597.33
101780,58.37,5597.33
101790,58.37,5597.33
101800,58.37,5597.33
101810,58.37,5597.33
101820,58.37,5597.33
101830,58.37,5597.33
101840,58.37,5597.33
101850,58.37,5597.33
101860,58.37,5597.33
101870,58.37,5597.33
101880,58.37,5597.33
101890,58.37,5597.33
101900,58.37,5597.33
101910,58.37,5597.33
101920,58.37,5597.33
101930,58.37,5597.33
101940,58.37,5597.33
101950,58.37,5597.33
101960,58.37,5597.33
101970,58.37,5597.33
101980,58.37,5597.33
101990,58.37,5597.33
102000,58.37,5597.33
102010,58.37,5597.33
102020,58.35,5597.33
102030,58.35,5597.33
102040,58.35,5597.33
102050,58.35,5597.33
102060,58.35,5597.33
102070,58.35,5597.33
102080,58.35,5597.33
102090,58.35,5597.33
102100,58.35,5597.33
102110,58.35,5597.33
102120,58.35,5597.33
102130,58.35,5597.33
102140,58.35,5597.33
102150,58.35,5597.33
102160,58.35,5597.33
102170,58.35,5597.33
102180,58.35,5597.33
102190,58.35,5597.33
102200,58.35,5597.33
102210,58.35,5597.33
102220,58.35,5597.33
102230,58.35,5597.33
102240,58.35,5597.33
102250,58.35,5597.33
102260,58.35,5597.33
102270,58.35,5597.33
102280,58.35,5597.33
102290,58.35,5597.33
102300,58.35,5597.33
102310,58.35,5597.33
102320,58.35,5597.33
102330,58.35,5597.33
102340,58.35,5597.33
102350,58.35,5597.33
102360,58.35,5597.33
102370,58.18,5597.33
102380,58.18,5597.33
102390,58.18,5597.33
102400,58.18,5597.33
102410,58.18,5597.33
102420,58.18,5597.33
102430,58.18,5597.33
102440,58.18,5597.33
102450,58.18,5597.33
102460,58.18,5597.33
102470,58.18,5597.33
102480,58.18,5597.33
102490,58.18,5597.33
102500,58.18,5597.33
102510,58.18,5597.33
102520,58.18,5597.33
102530,58.18,5597.33
102540,58.18,5597.33
102550,58.18,5597.33
102560,58.18,5597.33
102570,58.18,5597.33
102580,58.18,5597.33
102590,58.18,5597.33
102600,58.18,5597.33
102610,58.18,5597.33
102620,58.18,5597.33
102630,58.18,5597.33
102640,58.18,5597.33
102650,58.18,5597.33
102660,58.18,5597.33
102670,58.18,5597.33
102680,58.18,5597.33
102690,58.18,5597.33
102700,58.18,5597.33
102710,58.18,5597.33
102720,58.18,5597.33
102730,58.18,5597.33
102740,58.18,5743.0
102750,58.18,5743.0
102760,58.18,5743.0
102770,58.18,5743.0
102780,58.18,5743.0
102790,58.18,5743.0
102800,58.18,5743.0
102810,58.18,5743.0
102820,58.18,5743.0
102830,58.71,5743.0
102840,58.71,5743.0
102850,58.71,5743.0
102860,58.71,5743.0
102870,58.71,5743.0
102880,58.71,5743.0
102890,58.71,5743.0
102900,58.71,5743.0
102910,58.71,5743.0
102920,58.71,5743.0
102930,58.71,5743.0
102940,58.71,5743.0
102950,58.71,5743.0
102960,58.71,5743.0
102970,58.71,5743.0
102980,58.71,5743.0
102990,58.71,5743.0
103000,58.71,5743.0
103010,58.71,5743.0
103020,58.71,5743.0
103030,58.71,5743.0
103040,58.71,5743.0
103050,58.71,5743.0
103060,58.71,5743.0
103070,58.71,5743.0
103080,58.71,5743.0
103090,58.71,5743.0
103100,58.71,5743.0
103110,58.71,5743.0
103120,58.71,5743.0
103130,58.71,5743.0
103140,58.71,5743.0
103150,58.71,5743.0
103160,58.67,5820.48
103170,58.67,5820.48
103180,58.67,5820.48
103190,58.67,5820.48
103200,58.67,5820.48
103210,58.67,5820.48
103220,58.67,5820.48
103230,58.67,5820.48
103240,58.67,5820.48
103250,58.67,5820.48
103260,58.67,5820.48
103270,58.67,5820.48
103280,58.67,5820.48
103290,58.67,5820.48
103300,58.67,5820.48
103310,58.67,5820.48
103320,58.67,5820.48
103330,58.67,5820.48
103340,58.67,5820.48
103350,58.67,5820.48
103360,58.67,5820.48
103370,58.67,5820.48
103380,58.67,5820.48
103390,58.67,5820.48
103400,58.67,5820.48
103410,58.67,5820.48
103420,58.67,5865.3
103430,58.67,5865.3
103440,58.67,5865.3
103450,58.67,5865.3
103460,58.67,5865.3
103470,58.67,5865.3
103480,58.67,5865.3
103490,58.67,5865.3
103500,58.67,5865.3
103510,58.67,5865.3
103520,58.67,5865.3
103530,58.67,5865.3
103540,58.67,5865.3
103550,58.67,5865.3
103560,58.67,5865.3
103570,58.67,5865.3
103580,58.38,5865.3
103590,58.38,5865.3
103600,58.38,5865.3
103610,58.38,5865.3
103620,58.38,5865.3
103630,58.38,5865.3
103640,58.38,5865.3
103650,58.38,5865.3
103660,58.38,5865.3
103670,58.38,5865.3
103680,58.38,5865.3
103690,58.38,5865.3
103700,58.38,5865.3
103710,58.38,5865.3
103720,58.38,5865.3
103730,58.38,5865.3
103740,58.38,5865.3
103750,58.38,5865.3
103760,58.38,5865.3
103770,58.38,5865.3
103780,58.38,5865.3
103790,58.38,5865.3
103800,58.38,5865.3
103810,58.38,5865.3
103820,58.61,5865.3
103830,58.61,5854.39
103840,58.61,5854.39
103850,58.61,5854.39
103860,58.61,5854.39
103870,58.61,5854.39
103880,58.61,5854.39
103890,58.61,5854.39
103900,58.61,5854.39
103910,58.61,5854.39
103920,58.61,5854.39
103930,58.61,5854.39
103940,58.61,5854.39
103950,58.61,5854.39
103960,58.61,5854.39
103970,58.61,5854.39
103980,58.61,5854.39
103990,58.61,5854.39
104000,58.61,5854.39
104010,58.61,5854.39
104020,58.61,5854.39
104030,58.61,5854.39
104040,58.61,5854.39
104050,58.91,5854.39
104060,58.91,5854.39
104070,58.91,5854.39
104080,58.91,5854.39
104090,58.91,5854.39
104100,58.91,5854.39
104110,58.91,5854.39
104120,58.91,5854.39
104130,58.91,5854.39
104140,58.91,5901.49
104150,58.91,5901.49
104160,58.91,5901.49
104170,58.91,5901.49
104180,58.91,5901.49
104190,58.91,5901.49
104200,58.91,5901.49
104210,58.91,5901.49
104220,58.91,5901.49
104230,58.91,5901.49
104240,58.91,5901.49
104250,58.91,5901.49
104260,58.91,5901.49
104270,58.91,5901.49
104280,58.91,5901.49
104290,58.91,5901.49
104300,58.91,5901.49
104310,58.91,5901.49
104320,58.53,5901.49
104330,58.53,5901.49
104340,58.53,5901.49
104350,58.53,5901.49
104360,58.53,5901.49
104370,58.53,5901.49
104380,58.53,5901.49
104390,58.53,5901.49
104400,58.53,5901.49
104410,58.53,5901.49
104420,58.53,5901.49
104430,58.53,5901.49
104440,58.53,5901.49
104450,58.53,5901.49
104460,58.53,5845.15
104470,58.53,5845.15
104480,58.53,5845.15
104490,58.53,5845.15
104500,58.53,5845.15
104510,58.53,5845.15
104520,58.53,5845.15
104530,58.53,5845.15
104540,58.53,5845.15
104550,58.53,5845.15
104560,58.53,5845.15
104570,58.53,5845.15
104580,58.53,5845.15
104590,58.53,5845.15
104600,58.53,5845.15
104610,58.53,5845.15
104620,58.53,5845.15
104630,58.53,5845.15
104640,58.53,5845.15
104650,58.53,5845.15
104660,58.53,5845.15
104670,58.53,5845.15
104680,58.53,5845.15
104690,58.53,5845.15
104700,58.53,5845.15
104710,58.53,5845.15
104720,58.53,5845.15
104730,58.53,5845.15
104740,58.1,5845.15
104750,58.1,5845.15
104760,58.1,5845.15
104770,58.1,5845.15
104780,58.1,5845.15
104790,58.1,5845.15
104800,58.1,5845.15
104810,58.1,5845.15
104820,58.1,5845.15
104830,58.1,5845.15
104840,58.1,5845.15
104850,58.1,5845.15
104860,58.1,5845.15
104870,58.1,5999.64
104880,58.1,5999.64
104890,58.1,5999.64
104900,58.1,5999.64
104910,58.1,5999.64
104920,58.1,5999.64
104930,58.1,5999.64
104940,58.1,5999.64
104950,58.1,5999.64
104960,58.1,5999.64
104970,58.1,5999.64
104980,58.1,5999.64
104990,58.1,5999.64
105000,58.1,5999.64
105010,58.1,5999.64
105020,58.1,5999.64
105030,58.1,5999.64
105040,58.1,5999.64
105050,58.1,5999.64
105060,58.1,5999.64
105070,58.1,5999.64
105080,58.1,5999.64
105090,58.1,5999.64
105100,58.1,5999.64
105110,58.1,5999.64
105120,58.1,5999.64
105130,58.1,5999.64
105140,58.1,5999.64
105150,58.1,5999.64
105160,57.86,5999.64
105170,57.86,5999.64
105180,57.86,5999.64
105190,57.86,5999.64
105200,57.86,5999.64
105210,57.86,5999.64
105220,57.86,5999.64
105230,57.86,5999.64
105240,57.86,5999.64
105250,57.86,5999.64
105260,57.86,5869.54
105270,57.86,5869.54
105280,57.86,5869.54
105290,57.86,5869.54
105300,57.86,5869.54
105310,57.86,5869.54
105320,57.86,5869.54
105330,57.86,5869.54
105340,57.86,5869.54
105350,57.86,5869.54
105360,57.86,5869.54
105370,57.86,5869.54
105380,57.86,5869.54
105390,57.86,5869.54
105400,57.86,5869.54
105410,57.86,5869.54
105420,57.86,5869.54
105430,57.86,5869.54
105440,57.86,5869.54
105450,57.86,5869.54
105460,57.86,5869.54
105470,57.86,5869.54
105480,57.86,5979.31
105490,57.86,5979.31
105500,57.86,5979.31
105510,57.86,5979.31
105520,57.86,5979.31
105530,57.86,5979.31
105540,57.86,5979.31
105550,57.86,5979.31
105560,57.86,5979.31
105570,57.86,5979.31
105580,57.86,5979.31
105590,57.86,5979.31
105600,57.86,5979.31
105610,57.86,5979.31
105620,57.86,5979.31
105630,57.86,5979.31
105640,57.86,5979.31
105650,57.86,5979.31
105660,57.86,5979.31
105670,57.86,5979.31
105680,57.86,5979.31
105690,57.86,5979.31
105700,57.86,5979.31
105710,57.86,5979.31
105720,57.86,5979.31
105730,57.86,5979.31
105740,57.86,5979.31
105750,57.86,5979.31
105760,57.86,5979.31
105770,57.86,5979.31
105780,57.86,5979.31
105790,57.86,5979.31
105800,57.86,5979.31
105810,57.86,5979.31
105820,57.86,5979.31
105830,57.86,5979.31
105840,57.86,5979.31
105850,57.86,5979.31
105860,57.86,5979.31
105870,57.86,5979.31
105880,57.86,5979.31
105890,57.86,5979.31
105900,57.86,5984.97
105910,57.86,5984.97
105920,57.86,5984.97
105930,57.86,5984.97
105940,57.86,5984.97
105950,57.86,5984.97
105960,57.86,5984.97
105970,57.86,5984.97
105980,57.86,5984.97
105990,57.86,5984.97
106000,58.02,5984.97
106010,58.02,5984.97
106020,58.02,5984.97
106030,58.02,5984.97
106040,58.02,5984.97
106050,58.02,5984.97
106060,58.02,5984.97
106070,58.02,5984.97
106080,58.02,5984.97
106090,58.02,5984.97
106100,58.02,5984.97
106110,58.02,5984.97
106120,58.02,5984.97
106130,58.02,5984.97
106140,58.02,5984.97
106150,58.02,5984.97
106160,58.02,5984.97
106170,58.02,5984.97
106180,58.02,5984.97
106190,58.02,5984.97
106200,58.02,5984.97
106210,58.02,5984.97
106220,58.02,5984.97
106230,58.02,5984.97
106240,58.02,5984.97
106250,58.02,5984.97
106260,58.02,6066.06
106270,58.02,6066.06
106280,58.02,6066.06
106290,58.02,6066.06
106300,58.02,6066.06
106310,58.02,6066.06
106320,58.02,6066.06
106330,58.02,6066.06
106340,58.02,6066.06
106350,58.02,6066.06
106360,58.02,6066.06
106370,58.02,6066.06
106380,58.02,6066.06
106390,58.02,6066.06
106400,58.02,6066.06
106410,58.05,6066.06
106420,58.05,6066.06
106430,58.05,6066.06
106440,58.05,6066.06
106450,58.05,6066.06
106460,58.05,6066.06
106470,58.05,6066.06
106480,58.05,6066.06
106490,58.05,6066.06
106500,58.05,6066.06
106510,58.05,6066.06
106520,58.05,6066.06
106530,58.05,6066.06
106540,58.05,6066.06
106550,58.05,6066.06
106560,58.05,6066.06
106570,58.05,6066.06
106580,58.05,6066.06
106590,58.05,6066.06
106600,58.05,6066.06
106610,58.05,6066.06
106620,58.05,6066.06
106630,58.05,6066.06
106640,58.05,6066.06
106650,58.05,6066.06
106660,58.05,6066.06
106670,58.57,6066.06
106680,58.57,6053.08
106690,58.57,6053.08
106700,58.57,6053.08
106710,58.57,6053.08
106720,58.57,6053.08
106730,58.57,6053.08
106740,58.57,6053.08
106750,58.57,6053.08
106760,58.57,6053.08
106770,58.57,6053.08
106780,58.57,6053.08
106790,58.57,6053.08
106800,58.57,6053.08
106810,58.57,6053.08
106820,58.57,6053.08
106830,58.57,6053.08
106840,58.57,6053.08
106850,58.57,6053.08
106860,58.57,6053.08
106870,58.57,6053.08
106880,58.57,6053.08
106890,58.57,6053.08
106900,58.57,6126.83
106910,58.57,6126.83
106920,58.57,6126.83
106930,58.31,6126.83
106940,58.31,6126.83
106950,58.31,6126.83
106960,58.31,6126.83
106970,58.31,6126.83
106980,58.31,6126.83
106990,58.31,6126.83
107000,58.31,6126.83
107010,58.31,6126.83
107020,58.31,6126.83
107030,58.31,6126.83
107040,58.31,6126.83
107050,58.31,6126.83
107060,58.31,6126.83
107070,58.31,6126.83
107080,58.31,6126.83
107090,58.31,6126.83
107100,58.31,6126.83
107110,58.31,6126.83
107120,58.31,6126.83
107130,58.31,6126.83
107140,58.31,6013.86
107150,58.31,6013.86
107160,58.34,6013.86
107170,58.34,6013.86
107180,58.34,6013.86
107190,58.34,6013.86
107200,58.34,6013.86
107210,58.34,6013.86
107220,58.34,6013.86
107230,58.34,6013.86
107240,58.34,6013.86
107250,58.34,6013.86
107260,58.34,6013.86
107270,58.34,6013.86
107280,58.34,6013.86
107290,58.34,6013.86
107300,58.34,6013.86
107310,58.34,6013.86
107320,58.34,6013.86
107330,58.34,6013.86
107340,58.34,6013.86
107350,58.34,6013.86
107360,58.34,6013.86
107370,58.34,6013.86
107380,58.34,6000.38
107390,58.34,6000.38
107400,58.34,6000.38
107410,58.31,6000.38
107420,58.31,6000.38
107430,58.31,6000.38
107440,58.31,6000.38
107450,58.31,6000.38
107460,58.31,6000.38
107470,58.31,6000.38
107480,58.31,6000.38
107490,58.31,6000.38
107500,58.31,6000.38
107510,58.31,6000.38
107520,58.31,6000.38
107530,58.31,6000.38
107540,58.31,6000.38
107550,58.31,6000.38
107560,58.31,6000.38
107570,58.31,6000.38
107580,58.31,6000.38
107590,58.31,6000.38
107600,58.31,6000.38
107610,58.31,6000.38
107620,58.31,6000.38
107630,58.31,6000.38
107640,58.31,6000.38
107650,58.31,6000.38
107660,58.31,6000.38
107670,58.31,6000.38
107680,58.31,6000.38
107690,58.31,6000.38
107700,58.31,6000.38
107710,58.31,6000.38
107720,58.31,6000.38
107730,58.31,6000.38
107740,58.31,6000.38
107750,58.31,6000.38
107760,58.31,6000.38
107770,58.31,6000.38
107780,57.98,5907.17
107790,57.98,5907.17
107800,57.98,5907.17
107810,57.98,5907.17
107820,57.98,5907.17
107830,57.98,5907.17
107840,57.98,5907.17
107850,57.98,5907.17
107860,57.98,5907.17
107870,57.98,5907.17
107880,57.98,5907.17
107890,57.98,5907.17
107900,57.98,5907.17
107910,57.98,5907.17
107920,57.98,5907.17
107930,57.98,5907.17
107940,57.98,5907.17
107950,57.98,5907.17
107960,57.98,5907.17
107970,57.98,5907.17
107980,57.93,5907.17
107990,57.93,5907.17
108000,57.93,5907.17
108010,57.93,5907.17
108020,57.93,5907.17
108030,57.93,5907.17
108040,57.93,5907.17
108050,57.93,5907.17
108060,57.93,5907.17
108070,57.93,5907.17
108080,57.93,5907.17
108090,57.93,5907.17
108100,57.93,5907.17
108110,57.93,5907.17
108120,57.93,5907.17
108130,57.93,5907.17
108140,57.93,5907.17
108150,57.93,5907.17
108160,57.93,5907.17
108170,57.93,5907.17
108180,57.93,5907.17
108190,57.93,5907.17
108200,57.93,5907.17
108210,57.93,5907.17
108220,57.93,5907.17
108230,57.93,5907.17
108240,57.93,5907.17
108250,57.93,5907.17
108260,57.93,6026.6
108270,57.93,6026.6
108280,57.93,6026.6
108290,57.93,6026.6
108300,57.93,6026.6
108310,57.93,6026.6
108320,57.93,6026.6
108330,57.93,6026.6
108340,57.93,6026.6
108350,57.93,6026.6
108360,57.93,6026.6
108370,57.86,6026.6
108380,57.86,6026.6
108390,57.86,6026.6
108400,57.86,6026.6
108410,57.86,6026.6
108420,57.86,6026.6
108430,57.86,6026.6
108440,57.86,6026.6
108450,57.86,6026.6
108460,57.86,6026.6
108470,57.86,6026.6
108480,57.86,6026.6
108490,57.86,6026.6
108500,57.86,6026.6
108510,57.86,6026.6
108520,57.86,6026.6
108530,57.86,6026.6
108540,57.86,6026.6
108550,57.86,6026.6
108560,57.86,6026.6
108570,57.86,6026.6
108580,57.86,6026.6
108590,57.86,6026.6
108600,57.86,6026.6
108610,57.86,6026.6
108620,57.86,6026.6
108630,57.86,6026.6
108640,57.86,6026.6
108650,57.86,6076.77
108660,57.86,6076.77
108670,57.86,6076.77
108680,57.86,6076.77
108690,57.86,6076.77
108700,57.86,6076.77
108710,57.86,6076.77
108720,57.86,6076.77
108730,57.86,6076.77
108740,57.86,6076.77
108750,57.86,6076.77
108760,57.86,6076.77
108770,57.86,6076.77
108780,57.86,6076.77
108790,57.86,6076.77
108800,57.86,6076.77
108810,57.86,6076.77
108820,57.86,6076.77
108830,57.86,6076.77
108840,57.86,6076.77
108850,57.86,6076.77
108860,57.86,6076.77
108870,57.86,6076.77
108880,58.38,6076.77
108890,58.38,6202.2
108900,58.38,6202.2
108910,58.38,6202.2
108920,58.38,6202.2
108930,58.38,6202.2
108940,58.38,6202.2
108950,58.38,6202.2
108960,58.38,6202.2
108970,58.38,6202.2
108980,58.38,6202.2
108990,58.38,6202.2
109000,58.38,6202.2
109010,58.38,6202.2
109020,58.38,6202.2
109030,58.38,6202.2
109040,58.38,6202.2
109050,58.38,6202.2
109060,58.38,6202.2
109070,58.38,6202.2
109080,58.38,6202.2
109090,58.38,6202.2
109100,58.38,6202.2
109110,58.38,6202.2
109120,58.38,6202.2
109130,58.38,6202.2
109140,58.38,6202.2
109150,58.38,6202.2
109160,58.38,6202.2
109170,58.38,6202.2
109180,58.38,6202.2
109190,58.38,6202.2
109200,58.38,6202.2
109210,58.38,6202.2
109220,58.38,6202.2
109230,58.38,6202.2
109240,58.38,6202.2
109250,58.38,6202.2
109260,58.21,6202.2
109270,58.21,6294.76
109280,58.21,6294.76
109290,58.21,6294.76
109300,58.21,6294.76
109310,58.21,6294.76
109320,58.21,6294.76
109330,58.21,6294.76
109340,58.21,6294.76
109350,58.21,6294.76
109360,58.21,6294.76
109370,58.21,6294.76
109380,58.21,6294.76
109390,58.21,6294.76
109400,58.21,6294.76
109410,58.21,6294.76
109420,58.21,6294.76
109430,58.21,6294.76
109440,58.21,6294.76
109450,58.21,6294.76
109460,58.21,6294.76
109470,58.21,6294.76
109480,58.21,6294.76
109490,58.21,6294.76
109500,58.21,6294.76
109510,58.21,6294.76
109520,58.21,6294.76
109530,58.21,6294.76
109540,58.21,6294.76
109550,58.21,6294.76
109560,58.21,6294.76
109570,58.21,6294.76
109580,58.21,6294.76
109590,58.21,6294.76
109600,58.21,6294.76
109610,58.62,6294.76
109620,58.62,6294.76
109630,58.62,6294.76
109640,58.62,6294.76
109650,58.62,6294.76
109660,58.62,6294.76
109670,58.62,6294.76
109680,58.62,6294.76
109690,58.62,6294.76
109700,58.62,6294.76
109710,58.62,6209.75
109720,58.62,6209.75
109730,58.62,6209.75
109740,58.62,6209.75
109750,58.62,6209.75
109760,58.62,6209.75
109770,58.62,6209.75
109780,58.62,6209.75
109790,58.62,6209.75
109800,58.62,6209.75
109810,58.62,6209.75
109820,58.62,6209.75
109830,58.62,6209.75
109840,58.62,6209.75
109850,58.62,6209.75
109860,58.62,6209.75
109870,58.62,6209.75
109880,58.66,6209.75
109890,58.66,6209.75
109900,58.66,6209.75
109910,58.66,6209.75
109920,58.66,6209.75
109930,58.66,6209.75
109940,58.66,6209.75
109950,58.66,6209.75
109960,58.66,6209.75
109970,58.66,6209.75
109980,58.66,6091.4
109990,58.66,6091.4
110000,58.66,6091.4
110010,58.66,6091.4
110020,58.66,6091.4
110030,58.66,6091.4
110040,58.66,6091.4
110050,58.66,6091.4
110060,58.66,6091.4
110070,58.66,6091.4
110080,58.66,6091.4
110090,58.66,6091.4
110100,58.66,6091.4
110110,58.66,6091.4
110120,59.11,6091.4
110130,59.11,6091.4
110140,59.11,6091.4
110150,59.11,6091.4
110160,59.11,6091.4
110170,59.11,6091.4
110180,59.11,6091.4
110190,59.11,6091.4
110200,59.11,6091.4
110210,59.11,6091.4
110220,59.11,6091.4
110230,59.11,6091.4
110240,59.11,6091.4
110250,59.11,6091.4
110260,59.11,6091.4
110270,59.11,6091.4
110280,59.11,6091.4
110290,59.11,6117.16
110300,59.11,6117.16
110310,59.11,6117.16
110320,59.11,6117.16
110330,59.11,6117.16
110340,59.11,6117.16
110350,59.11,6117.16
110360,59.11,6117.16
110370,59.11,6117.16
110380,59.11,6117.16
110390,59.11,6117.16
110400,59.11,6117.16
110410,59.11,6117.16
110420,59.11,6117.16
110430,59.11,6117.16
110440,59.11,6117.16
110450,59.11,6117.16
110460,59.11,6117.16
110470,59.11,6117.16
110480,59.11,6117.16
110490,59.11,6117.16
110500,59.11,6117.16
110510,59.11,6117.16
110520,58.89,6117.16
110530,58.89,6117.16
110540,58.89,6117.16
110550,58.89,6117.16
110560,58.89,6117.16
110570,58.89,6117.16
110580,58.89,6117.16
110590,58.89,6117.16
110600,58.89,6117.16
110610,58.89,6117.16
110620,58.89,6117.16
110630,58.89,6117.16
110640,58.89,6117.16
110650,58.89,6117.16
110660,58.89,6117.16
110670,58.89,6117.16
110680,58.89,6212.46
110690,58.89,6212.46
110700,58.89,6212.46
110710,58.89,6212.46
110720,58.89,6212.46
110730,58.89,6212.46
110740,58.89,6212.46
110750,58.89,6212.46
110760,58.89,6212.46
110770,58.89,6212.46
110780,58.89,6212.46
110790,58.89,6212.46
110800,58.89,6212.46
110810,58.89,6212.46
110820,58.89,6212.46
110830,58.89,6212.46
110840,58.89,6212.46
110850,58.89,6212.46
110860,58.89,6212.46
110870,58.89,6212.46
110880,58.89,6212.46
110890,58.89,6212.46
110900,58.89,6212.46
110910,58.89,6212.46
110920,58.89,6212.46
110930,58.89,6212.46
110940,58.89,6091.4
110950,58.89,6091.4
110960,58.89,6091.4
110970,59.12,6091.4
110980,59.12,6091.4
110990,59.12,6091.4
111000,59.12,6091.4
111010,59.12,6091.4
111020,59.12,6091.4
111030,59.12,6091.4
111040,59.12,6091.4
111050,59.12,6091.4
111060,59.12,6091.4
111070,59.12,6091.4
111080,59.12,6091.4
111090,59.12,6091.4
111100,59.12,6091.4
111110,59.12,6091.4
111120,59.12,6091.4
111130,59.12,6091.4
111140,59.12,6091.4
111150,59.12,6091.4
111160,59.12,6091.4
111170,59.12,6091.4
111180,59.12,6091.4
111190,59.12,6091.4
111200,59.12,6091.4
111210,59.12,6091.4
111220,59.12,6091.4
111230,59.12,6091.4
111240,59.12,6091.4
111250,59.12,6091.4
111260,59.12,6091.4
111270,59.12,6091.4
111280,59.12,6091.4
111290,59.12,6091.4
111300,59.12,6091.4
111310,59.12,6091.4
111320,58.73,6091.4
111330,58.73,6091.4
111340,58.73,6091.4
111350,58.73,6091.4
111360,58.73,6091.4
111370,58.73,6091.4
111380,58.73,6091.4
111390,58.73,6091.4
111400,58.73,6091.4
111410,58.73,6091.4
111420,58.73,6091.4
111430,58.73,6091.4
111440,58.73,6091.4
111450,58.73,6091.4
111460,58.73,6091.4
111470,58.73,6091.4
111480,58.73,6091.4
111490,58.73,6091.4
111500,58.73,6091.4
111510,58.73,6091.4
111520,58.73,6091.4
111530,58.73,6091.4
111540,58.73,6091.4
111550,58.73,6091.4
111560,58.73,6091.4
111570,58.73,6091.4
111580,58.73,6091.4
111590,58.73,6091.4
111600,58.73,6091.4
111610,58.73,6091.4
111620,58.73,6091.4
111630,58.73,6091.4
111640,58.73,6091.4
111650,58.73,6091.4
111660,58.73,6091.4
111670,58.73,6091.4
111680,58.73,6091.4
111690,58.73,6091.4
111700,58.66,6091.4
111710,58.66,6091.4
111720,58.66,6091.4
111730,58.66,6091.4
111740,58.66,6091.4
111750,58.66,6091.4
111760,58.66,6091.4
111770,58.66,6091.4
111780,58.66,6091.4
111790,58.66,6091.4
111800,58.66,6091.4
111810,58.66,6184.49
111820,58.66,6184.49
111830,58.66,6184.49
111840,58.66,6184.49
111850,58.66,6184.49
111860,58.66,6184.49
111870,58.66,6184.49
111880,58.66,6184.49
111890,58.66,6184.49
111900,58.66,6184.49
111910,58.66,6184.49
111920,58.66,6184.49
111930,58.66,6184.49
111940,58.66,6184.49
111950,58.66,6184.49
111960,58.66,6184.49
111970,58.66,6184.49
111980,58.66,6184.49
111990,58.66,6184.49
112000,58.66,6184.49
112010,58.66,6184.49
112020,58.66,6184.49
112030,58.66,6184.49
112040,58.66,6184.49
112050,58.66,6184.49
112060,58.66,6184.49
112070,58.66,6184.49
112080,58.66,6184.49
112090,58.66,6184.49
112100,58.66,6184.49
112110,58.66,6184.49
112120,58.66,6339.96
112130,58.66,6339.96
112140,58.87,6339.96
112150,58.87,6339.96
112160,58.87,6339.96
112170,58.87,6339.96
112180,58.87,6339.96
112190,58.87,6339.96
112200,58.87,6339.96
112210,58.87,6339.96
112220,58.87,6339.96
112230,58.87,6339.96
112240,58.87,6339.96
112250,58.87,6339.96
112260,58.87,6339.96
112270,58.87,6339.96
112280,58.87,6339.96
112290,58.87,6339.96
112300,58.87,6339.96
112310,58.87,6339.96
112320,58.87,6339.96
112330,58.87,6339.96
112340,58.87,6339.96
112350,58.87,6339.96
112360,58.87,6339.96
112370,58.87,6339.96
112380,58.87,6339.96
112390,58.87,6339.96
112400,58.87,6339.96
112410,58.87,6339.96
112420,58.87,6339.96
112430,58.87,6339.96
112440,58.87,6339.96
112450,58.87,6339.96
112460,58.87,6339.96
112470,58.87,6339.96
112480,58.87,6339.96
112490,58.66,6442.79
112500,58.66,6442.79
112510,58.66,6442.79
112520,58.66,6442.79
112530,58.66,6442.79
112540,58.66,6442.79
112550,58.66,6442.79
112560,58.66,6442.79
112570,58.66,6442.79
112580,58.66,6442.79
112590,58.66,6442.79
112600,58.66,6442.79
112610,58.66,6442.79
112620,58.66,6442.79
112630,58.66,6442.79
112640,58.66,6442.79
112650,58.66,6442.79
112660,58.66,6442.79
112670,58.66,6442.79
112680,58.66,6442.79
112690,58.66,6442.79
112700,58.66,6442.79
112710,58.66,6442.79
112720,58.66,6442.79
112730,58.66,6442.79
112740,58.66,6442.79
112750,58.66,6442.79
112760,58.66,6442.79
112770,58.66,6442.79
112780,58.66,6442.79
112790,58.66,6442.79
112800,58.66,6442.79
112810,58.66,6516.15
112820,58.66,6516.15
112830,58.66,6516.15
112840,58.66,6516.15
112850,58.66,6516.15
112860,58.66,6516.15
112870,58.66,6516.15
112880,58.66,6516.15
112890,58.66,6516.15
112900,58.66,6516.15
112910,58.66,6516.15
112920,58.66,6516.15
112930,58.66,6516.15
112940,58.66,6516.15
112950,58.66,6516.15
112960,58.66,6516.15
112970,58.66,6516.15
112980,58.66,6516.15
112990,58.66,6516.15
113000,58.66,6516.15
113010,58.66,6516.15
113020,58.66,6516.15
113030,58.66,6516.15
113040,58.66,6516.15
113050,58.66,6516.15
113060,58.66,6516.15
113070,58.66,6516.15
113080,58.66,6516.15
113090,58.66,6516.15
113100,58.66,6516.15
113110,58.66,6516.15
113120,58.66,6516.15
113130,58.66,6516.15
113140,58.66,6516.15
113150,58.66,6516.15
113160,58.66,6516.15
113170,58.66,6516.15
113180,58.66,6516.15
113190,58.66,6516.15
113200,58.66,6516.15
113210,58.66,6415.55
113220,58.66,6415.55
113230,58.77,6415.55
113240,58.77,6415.55
113250,58.77,6415.55
113260,58.77,6415.55
113270,58.77,6415.55
113280,58.77,6415.55
113290,58.77,6415.55
113300,58.77,6415.55
113310,58.77,6415.55
113320,58.77,6415.55
113330,58.77,6415.55
113340,58.77,6415.55
113350,58.77,6415.55
113360,58.77,6415.55
113370,58.77,6415.55
113380,58.77,6415.55
113390,58.77,6415.55
113400,58.77,6415.55
113410,58.77,6415.55
113420,58.77,6415.55
113430,58.77,6415.55
113440,58.77,6472.45
113450,58.77,6472.45
113460,58.77,6472.45
113470,58.77,6472.45
113480,58.77,6472.45
113490,58.77,6472.45
113500,58.77,6472.45
113510,58.77,6472.45
113520,58.77,6472.45
113530,59.17,6472.45
113540,59.17,6472.45
113550,59.17,6472.45
113560,59.17,6472.45
113570,59.17,6472.45
113580,59.17,6472.45
113590,59.17,6472.45
113600,59.17,6472.45
113610,59.17,6472.45
113620,59.17,6472.45
113630,59.17,6472.45
113640,59.17,6472.45
113650,59.17,6472.45
113660,59.17,6472.45
113670,59.17,6472.45
113680,59.17,6472.45
113690,59.17,6344.84
113700,59.17,6344.84
113710,59.17,6344.84
113720,59.17,6344.84
113730,59.17,6344.84
113740,59.17,6344.84
113750,59.17,6344.84
113760,59.17,6344.84
113770,59.17,6344.84
113780,59.17,6344.84
113790,59.17,6344.84
113800,59.17,6344.84
113810,59.17,6344.84
113820,58.68,6344.84
113830,58.68,6344.84
113840,58.68,6344.84
113850,58.68,6344.84
113860,58.68,6344.84
113870,58.68,6344.84
113880,58.68,6344.84
113890,58.68,6212.68
113900,58.68,6212.68
113910,58.68,6212.68
113920,58.68,6212.68
113930,58.68,6212.68
113940,58.68,6212.68
113950,58.68,6212.68
113960,58.68,6212.68
113970,58.68,6212.68
113980,58.68,6212.68
113990,58.68,6212.68
114000,58.68,6212.68
114010,58.68,6212.68
114020,58.68,6212.68
114030,58.68,6212.68
114040,58.68,6212.68
114050,58.68,6212.68
114060,58.68,6212.68
114070,58.68,6212.68
114080,58.68,6212.68
114090,58.68,6212.68
114100,58.68,6212.68
114110,58.68,6212.68
114120,58.68,6212.68
114130,58.68,6212.68
114140,58.68,6212.68
114150,58.68,6212.68
114160,58.68,6212.68
114170,58.68,6212.68
114180,58.68,6212.68
114190,58.68,6212.68
114200,58.68,6212.68
114210,58.68,6212.68
114220,58.68,6212.68
114230,58.68,6212.68
114240,58.68,6212.68
114250,58.68,6212.68
114260,58.68,6212.68
114270,58.67,6212.68
114280,58.67,6212.68
114290,58.67,6378.47
114300,58.67,6378.47
114310,58.67,6378.47
114320,58.67,6378.47
114330,58.67,6378.47
114340,58.67,6378.47
114350,58.67,6378.47
114360,58.67,6378.47
114370,58.67,6378.47
114380,58.67,6378.47
114390,58.67,6378.47
114400,58.67,6378.47
114410,58.67,6378.47
114420,58.67,6378.47
114430,58.67,6378.47
114440,58.67,6378.47
114450,58.67,6378.47
114460,58.67,6378.47
114470,58.67,6378.47
114480,58.67,6378.47
114490,58.92,6378.47
114500,58.92,6378.47
114510,58.92,6378.47
114520,58.92,6378.47
114530,58.92,6378.47
114540,58.92,6378.47
114550,58.92,6378.47
114560,58.92,6232.05
114570,58.92,6232.05
114580,58.92,6232.05
114590,58.92,6232.05
114600,58.92,6232.05
114610,58.92,6232.05
114620,58.92,6232.05
114630,58.92,6232.05
114640,58.92,6232.05
114650,58.92,6232.05
114660,58.92,6232.05
114670,58.92,6232.05
114680,58.92,6232.05
114690,58.92,6232.05
114700,58.92,6232.05
114710,58.92,6232.05
114720,58.92,6232.05
114730,58.92,6232.05
114740,58.92,6232.05
114750,58.92,6232.05
114760,58.92,6232.05
114770,58.92,6232.05
114780,58.92,6232.05
114790,58.92,6232.05
114800,58.92,6232.05
114810,58.92,6232.05
114820,58.92,6232.05
114830,58.92,6232.05
114840,58.92,6232.05
114850,58.92,6232.05
114860,58.92,6232.05
114870,58.92,6232.05
114880,58.92,6232.05
114890,59.18,6232.05
114900,59.18,6232.05
114910,59.18,6232.05
114920,59.18,6232.05
114930,59.18,6232.05
114940,59.18,6232.05
114950,59.18,6232.05
114960,59.18,6232.05
114970,59.18,6232.05
114980,59.18,6232.05
114990,59.18,6336.0
115000,59.18,6336.0
115010,59.18,6336.0
115020,59.18,6336.0
115030,59.18,6336.0
115040,59.18,6336.0
115050,59.18,6336.0
115060,59.18,6336.0
115070,59.18,6336.0
115080,59.18,6336.0
115090,59.18,6336.0
115100,59.18,6336.0
115110,59.18,6336.0
115120,59.18,6336.0
115130,59.18,6336.0
115140,59.18,6336.0
115150,59.18,6336.0
115160,59.18,6336.0
115170,59.18,6336.0
115180,59.18,6336.0
115190,59.18,6336.0
115200,59.18,6336.0
115210,59.18,6336.0
115220,59.18,6336.0
115230,59.18,6336.0
115240,59.18,6336.0
115250,59.18,6336.0
115260,59.18,6336.0
115270,59.18,6336.0
115280,59.18,6336.0
115290,59.18,6336.0
115300,59.46,6336.0
115310,59.46,6336.0
115320,59.46,6336.0
115330,59.46,6336.0
115340,59.46,6336.0
115350,59.46,6336.0
115360,59.46,6336.0
115370,59.46,6336.0
115380,59.46,6336.0
115390,59.46,6336.0
115400,59.46,6437.16
115410,59.46,6437.16
115420,59.46,6437.16
115430,59.46,6437.16
115440,59.46,6437.16
115450,59.46,6437.16
115460,59.46,6437.16
115470,59.46,6437.16
115480,59.46,6437.16
115490,59.46,6437.16
115500,59.46,6437.16
115510,59.72,6437.16
115520,59.72,6437.16
115530,59.72,6437.16
115540,59.72,6437.16
115550,59.72,6437.16
115560,59.72,6437.16
115570,59.72,6437.16
115580,59.72,6437.16
115590,59.72,6437.16
115600,59.72,6437.16
115610,59.72,6437.16
115620,59.72,6437.16
115630,59.72,6447.7
115640,59.72,6447.7
115650,59.72,6447.7
115660,59.72,6447.7
115670,59.72,6447.7
115680,59.72,6447.7
115690,59.72,6447.7
115700,59.72,6447.7
115710,59.72,6447.7
115720,59.72,6447.7
115730,59.72,6447.7
115740,59.72,6447.7
115750,59.72,6447.7
115760,59.72,6447.7
115770,59.72,6447.7
115780,59.72,6447.7
115790,59.72,6447.7
115800,59.72,6447.7
115810,59.72,6447.7
115820,59.72,6447.7
115830,59.72,6447.7
115840,59.72,6447.7
115850,59.72,6447.7
115860,59.72,6447.7
115870,59.72,6447.7
115880,59.72,6447.7
115890,59.72,6447.7
115900,59.72,6319.33
115910,59.72,6319.33
115920,59.72,6319.33
115930,59.72,6319.33
115940,59.17,6319.33
115950,59.17,6319.33
115960,59.17,6319.33
115970,59.17,6319.33
115980,59.17,6319.33
115990,59.17,6319.33
116000,59.17,6319.33
116010,59.17,6319.33
116020,59.17,6319.33
116030,59.17,6319.33
116040,59.17,6319.33
116050,59.17,6319.33
116060,59.17,6319.33
116070,59.17,6319.33
116080,59.17,6319.33
116090,59.17,6319.33
116100,59.17,6319.33
116110,59.17,6319.33
116120,59.17,6319.33
116130,59.17,6319.33
116140,59.17,6319.33
116150,59.17,6319.33
116160,59.17,6319.33
116170,59.17,6319.33
116180,59.17,6319.33
116190,59.17,6319.33
116200,59.17,6213.59
116210,59.17,6213.59
116220,59.17,6213.59
116230,59.17,6213.59
116240,59.17,6213.59
116250,59.17,6213.59
116260,59.17,6213.59
116270,59.17,6213.59
116280,59.17,6213.59
116290,59.17,6213.59
116300,59.17,6213.59
116310,59.17,6213.59
116320,59.17,6213.59
116330,59.17,6213.59
116340,59.17,6213.59
116350,59.17,6213.59
116360,59.17,6213.59
116370,59.55,6213.59
116380,59.55,6213.59
116390,59.55,6213.59
116400,59.55,6213.59
116410,59.55,6213.59
116420,59.55,6213.59
116430,59.55,6213.59
116440,59.55,6213.59
116450,59.55,6213.59
116460,59.55,6213.59
116470,59.55,6213.59
116480,59.55,6213.59
116490,59.55,6213.59
116500,59.55,6213.59
116510,59.55,6213.59
116520,59.55,6213.59
116530,59.55,6213.59
116540,59.55,6213.59
116550,59.55,6213.59
116560,59.55,6213.59
116570,59.55,6213.59
116580,59.55,6213.59
116590,59.55,6213.59
116600,59.55,6213.59
116610,59.55,6333.21
116620,59.55,6333.21
116630,59.55,6333.21
116640,59.55,6333.21
116650,59.55,6333.21
116660,59.55,6333.21
116670,59.55,6333.21
116680,59.55,6333.21
116690,59.55,6333.21
116700,59.55,6333.21
116710,59.55,6333.21
116720,59.55,6333.21
116730,59.55,6333.21
116740,59.55,6333.21
116750,59.55,6333.21
116760,59.55,6333.21
116770,59.55,6333.21
116780,59.55,6333.21
116790,59.55,6333.21
116800,59.55,6333.21
116810,59.23,6333.21
116820,59.23,6333.21
116830,59.23,6333.21
116840,59.23,6333.21
116850,59.23,6333.21
116860,59.23,6333.21
116870,59.23,6333.21
116880,59.23,6333.21
116890,59.23,6333.21
116900,59.23,6333.21
116910,59.23,6333.21
116920,59.23,6446.99
116930,59.23,6446.99
116940,59.23,6446.99
116950,59.23,6446.99
116960,59.23,6446.99
116970,59.23,6446.99
116980,59.23,6446.99
116990,59.23,6446.99
117000,59.23,6446.99
117010,59.23,6446.99
117020,59.23,6446.99
117030,59.23,6446.99
117040,59.23,6446.99
117050,59.23,6446.99
117060,59.23,6446.99
117070,59.23,6446.99
117080,59.23,6446.99
117090,59.23,6446.99
117100,59.23,6446.99
117110,59.23,6446.99
117120,59.23,6446.99
117130,59.23,6446.99
117140,59.23,6446.99
117150,59.23,6446.99
117160,59.23,6446.99
117170,59.23,6446.99
117180,59.23,6446.99
117190,59.23,6446.99
117200,59.23,6446.99
117210,59.23,6446.99
117220,59.23,6446.99
117230,59.23,6446.99
117240,59.23,6446.99
117250,59.23,6446.99
117260,59.23,6446.99
117270,59.23,6446.99
117280,59.23,6446.99
117290,59.73,6446.99
117300,59.73,6446.99
117310,59.73,6446.99
117320,59.73,6446.99
117330,59.73,6446.99
117340,59.73,6446.99
117350,59.73,6446.99
117360,59.73,6446.99
117370,59.73,6446.99
117380,59.73,6417.58
117390,59.73,6417.58
117400,59.73,6417.58
117410,59.73,6417.58
117420,59.73,6417.58
117430,59.73,6417.58
117440,59.73,6417.58
117450,59.73,6417.58
117460,59.73,6417.58
117470,59.73,6417.58
117480,59.73,6417.58
117490,59.73,6417.58
117500,59.73,6417.58
117510,59.73,6417.58
117520,59.73,6417.58
117530,59.73,6417.58
117540,59.73,6417.58
117550,59.73,6417.58
117560,59.73,6417.58
117570,59.73,6417.58
117580,59.73,6417.58
117590,59.73,6417.58
117600,59.73,6417.58
117610,59.73,6417.58
117620,59.85,6271.76
117630,59.85,6271.76
117640,59.85,6271.76
117650,59.85,6271.76
117660,59.85,6271.76
117670,59.85,6271.76
117680,59.85,6271.76
117690,59.85,6271.76
117700,59.85,6271.76
117710,59.85,6271.76
117720,59.85,6271.76
117730,59.85,6271.76
117740,59.85,6271.76
117750,59.85,6271.76
117760,59.85,6271.76
117770,59.85,6271.76
117780,59.85,6271.76
117790,59.85,6271.76
117800,59.85,6271.76
117810,59.85,6271.76
117820,59.85,6271.76
117830,59.85,6271.76
117840,59.85,6271.76
117850,59.85,6271.76
117860,59.85,6271.76
117870,59.85,6271.76
117880,59.85,6271.76
117890,59.62,6271.76
117900,59.62,6271.76
117910,59.62,6271.76
117920,59.62,6271.76
117930,59.62,6271.76
117940,59.62,6271.76
117950,59.62,6252.89
117960,59.62,6252.89
117970,59.62,6252.89
117980,59.62,6252.89
117990,59.62,6252.89
118000,59.62,6252.89
118010,59.62,6252.89
118020,59.62,6252.89
118030,59.62,6252.89
118040,59.62,6252.89
118050,59.62,6252.89
118060,59.62,6252.89
118070,59.62,6252.89
118080,59.62,6252.89
118090,59.62,6252.89
118100,59.62,6252.89
118110,59.62,6252.89
118120,59.62,6252.89
118130,59.62,6252.89
118140,59.62,6252.89
118150,59.62,6252.89
118160,59.62,6252.89
118170,59.62,6252.89
118180,59.62,6252.89
118190,59.62,6252.89
118200,59.62,6252.89
118210,59.62,6252.89
118220,59.62,6252.89
118230,59.62,6252.89
118240,59.62,6252.89
118250,59.62,6252.89
118260,59.62,6252.89
118270,59.62,6252.89
118280,59.62,6252.89
118290,59.62,6252.89
118300,59.62,6252.89
118310,59.62,6252.89
118320,59.62,6252.89
118330,59.42,6252.89
118340,59.42,6252.89
118350,59.42,6252.89
118360,59.42,6252.89
118370,59.42,6252.89
118380,59.42,6114.8
118390,59.42,6114.8
118400,59.42,6114.8
118410,59.42,6114.8
118420,59.42,6114.8
118430,59.42,6114.8
118440,59.42,6114.8
118450,59.42,6114.8
118460,59.42,6114.8
118470,59.42,6114.8
118480,59.42,6114.8
118490,59.42,6114.8
118500,59.42,6114.8
118510,59.42,6114.8
118520,59.42,6114.8
118530,59.42,6114.8
118540,59.42,6114.8
118550,59.86,6114.8
118560,59.86,6114.8
118570,59.86,6114.8
118580,59.86,6114.8
118590,59.86,6114.8
118600,59.86,6114.8
118610,59.86,6114.8
118620,59.86,6114.8
118630,59.86,6114.8
118640,59.86,6114.8
118650,59.86,6114.8
118660,59.86,6114.8
118670,59.86,6114.8
118680,59.86,6114.8
118690,59.86,6114.8
118700,59.86,6114.8
118710,59.86,6114.8
118720,59.86,6114.8
118730,59.86,6258.57
118740,59.86,6258.57
118750,59.86,6258.57
118760,59.86,6258.57
118770,59.86,6258.57
118780,59.86,6258.57
118790,59.86,6258.57
118800,59.86,6258.57
118810,59.86,6258.57
118820,59.86,6258.57
118830,59.86,6258.57
118840,59.86,6258.57
118850,59.86,6258.57
118860,59.86,6258.57
118870,59.86,6258.57
118880,59.86,6258.57
118890,59.86,6258.57
118900,59.86,6258.57
118910,59.86,6258.57
118920,59.31,6258.57
118930,59.31,6258.57
118940,59.31,6258.57
118950,59.31,6258.57
118960,59.31,6258.57
118970,59.31,6258.57
118980,59.31,6258.57
118990,59.31,6258.57
119000,59.31,6258.57
119010,59.31,6258.57
119020,59.31,6258.57
119030,59.31,6258.57
119040,59.31,6258.57
119050,59.31,6258.57
119060,59.31,6258.57
119070,59.31,6238.98
119080,59.31,6238.98
119090,59.31,6238.98
119100,59.31,6238.98
119110,59.31,6238.98
119120,59.31,6238.98
119130,59.31,6238.98
119140,59.31,6238.98
119150,59.31,6238.98
119160,59.31,6238.98
119170,59.31,6238.98
119180,59.31,6238.98
119190,59.31,6238.98
119200,59.31,6238.98
119210,59.31,6238.98
119220,59.31,6238.98
119230,59.81,6238.98
119240,59.81,6238.98
119250,59.81,6238.98
119260,59.81,6238.98
119270,59.81,6238.98
119280,59.81,6238.98
119290,59.81,6238.98
119300,59.81,6238.98
119310,59.81,6238.98
119320,59.81,6238.98
119330,59.81,6238.98
119340,59.81,6238.98
119350,59.81,6238.98
119360,59.81,6238.98
119370,59.81,6238.98
119380,59.81,6238.98
119390,59.81,6238.98
119400,59.81,6238.98
119410,59.81,6238.98
119420,59.81,6238.98
119430,59.81,6238.98
119440,59.81,6238.98
119450,59.81,6238.98
119460,59.81,6238.98
119470,59.81,6238.98
119480,59.81,6322.75
119490,59.81,6322.75
119500,59.81,6322.75
119510,59.81,6322.75
119520,59.81,6322.75
119530,59.69,6322.75
119540,59.69,6322.75
119550,59.69,6322.75
119560,59.69,6322.75
119570,59.69,6322.75
119580,59.69,6322.75
119590,59.69,6322.75
119600,59.69,6322.75
119610,59.69,6322.75
119620,59.69,6322.75
119630,59.69,6322.75
119640,59.69,6322.75
119650,59.69,6322.75
119660,59.69,6322.75
119670,59.69,6322.75
119680,59.69,6322.75
119690,59.69,6322.75
119700,59.69,6322.75
119710,59.69,6322.75
119720,59.69,6322.75
119730,59.69,6322.75
119740,59.69,6322.75
119750,59.69,6322.75
119760,59.69,6322.75
119770,59.69,6322.75
119780,59.69,6322.75
119790,59.69,6322.75
119800,59.69,6322.75
119810,59.69,6322.75
119820,59.69,6322.75
119830,59.69,6322.75
119840,59.69,6322.75
119850,59.69,6322.75
119860,59.69,6322.75
119870,59.69,6322.75
119880,59.69,6322.75
119890,59.69,6322.75
119900,59.69,6322.75
119910,59.69,6322.75
119920,59.69,6322.75
119930,59.69,6322.75
119940,60.18,6322.75
119950,60.18,6201.2
119960,60.18,6201.2
119970,60.18,6201.2
119980,60.18,6201.2
119990,60.18,6201.2
120000,60.18,6201.2
120010,60.18,6201.2
120020,60.18,6201.2
120030,60.18,6201.2
120040,60.18,6201.2
120050,60.18,6201.2
120060,60.18,6201.2
120070,60.18,6201.2
120080,60.18,6201.2
120090,60.18,6201.2
120100,60.18,6201.2
120110,60.18,6201.2
120120,60.18,6201.2
120130,60.18,6201.2
120140,60.18,6201.2
120150,60.18,6201.2
120160,60.18,6201.2
120170,60.18,6201.2
120180,60.18,6201.2
120190,60.18,6201.2
120200,60.18,6201.2
120210,60.18,6201.2
120220,60.18,6201.2
120230,60.18,6201.2
120240,60.18,6201.2
120250,60.18,6201.2
120260,60.18,6201.2
120270,60.18,6201.2
120280,60.18,6201.2
120290,60.35,6201.2
120300,60.35,6201.2
120310,60.35,6201.2
120320,60.35,6201.2
120330,60.35,6201.2
120340,60.35,6201.2
120350,60.35,6201.2
120360,60.35,6201.2
120370,60.35,6339.48
120380,60.35,6339.48
120390,60.35,6339.48
120400,60.35,6339.48
120410,60.35,6339.48
120420,60.35,6339.48
120430,60.35,6339.48
120440,60.35,6339.48
120450,60.35,6339.48
120460,60.35,6339.48
120470,60.35,6339.48
120480,60.35,6339.48
120490,60.35,6339.48
120500,60.35,6339.48
120510,60.35,6339.48
120520,60.35,6339.48
120530,60.35,6339.48
120540,60.35,6339.48
120550,60.35,6339.48
120560,60.35,6339.48
120570,60.35,6339.48
120580,60.35,6339.48
120590,60.35,6339.48
120600,60.35,6339.48
120610,60.35,6339.48
120620,60.35,6339.48
120630,60.35,6339.48
120640,60.35,6339.48
120650,60.35,6339.48
120660,60.35,6339.48
120670,60.35,6339.48
120680,60.35,6339.48
120690,60.35,6339.48
120700,60.35,6339.48
120710,60.35,6339.48
120720,60.18,6339.48
120730,60.18,6339.48
120740,60.18,6339.48
120750,60.18,6339.48
120760,60.18,6339.48
120770,60.18,6339.48
120780,60.18,6339.48
120790,60.18,6339.48
120800,60.18,6339.48
120810,60.18,6339.48
120820,60.18,6365.27
120830,60.18,6365.27
120840,60.18,6365.27
120850,60.18,6365.27
120860,60.18,6365.27
120870,60.18,6365.27
120880,60.18,6365.27
120890,60.18,6365.27
120900,60.18,6365.27
120910,60.18,6365.27
120920,60.18,6365.27
120930,60.18,6365.27
120940,60.18,6365.27
120950,60.18,6365.27
120960,60.18,6365.27
120970,60.18,6365.27
120980,60.18,6365.27
120990,60.18,6365.27
121000,60.18,6365.27
121010,60.18,6365.27
121020,60.18,6365.27
121030,60.18,6365.27
121040,60.18,6365.27
121050,60.18,6365.27
121060,60.18,6498.31
121070,60.18,6498.31
121080,60.18,6498.31
121090,60.18,6498.31
121100,60.18,6498.31
121110,60.18,6498.31
121120,60.18,6498.31
121130,60.18,6498.31
121140,60.18,6498.31
121150,60.18,6498.31
121160,60.18,6498.31
121170,60.18,6498.31
121180,60.18,6498.31
121190,60.18,6498.31
121200,60.18,6498.31
121210,60.18,6498.31
121220,60.18,6498.31
121230,60.18,6498.31
121240,60.18,6498.31
121250,60.18,6498.31
121260,60.18,6481.26
121270,60.18,6481.26
121280,60.18,6481.26
121290,60.18,6481.26
121300,60.18,6481.26
121310,60.18,6481.26
121320,60.18,6481.26
121330,60.18,6481.26
121340,60.18,6481.26
121350,60.18,6481.26
121360,60.18,6481.26
121370,60.18,6481.26
121380,60.18,6481.26
121390,60.68,6481.26
121400,60.68,6481.26
121410,60.68,6481.26
121420,60.68,6481.26
121430,60.68,6481.26
121440,60.68,6481.26
121450,60.68,6481.26
121460,60.68,6514.21
121470,60.68,6514.21
121480,60.68,6514.21
121490,60.68,6514.21
121500,60.68,6514.21
121510,60.68,6514.21
121520,60.68,6514.21
121530,60.68,6514.21
121540,60.68,6514.21
121550,60.68,6514.21
121560,60.68,6514.21
121570,60.68,6514.21
121580,60.68,6514.21
121590,60.68,6514.21
121600,60.68,6514.21
121610,60.68,6514.21
121620,60.68,6514.21
121630,60.68,6514.21
121640,60.68,6514.21
121650,60.68,6514.21
121660,60.68,6514.21
121670,60.68,6514.21
121680,60.68,6514.21
121690,60.68,6514.21
121700,60.68,6514.21
121710,60.68,6514.21
121720,60.68,6514.21
121730,60.68,6514.21
121740,60.68,6514.21
121750,60.68,6514.21
121760,60.68,6514.21
121770,60.68,6514.21
121780,60.68,6514.21
121790,60.68,6514.21
121800,60.57,6514.21
121810,60.57,6514.21
121820,60.57,6514.21
121830,60.57,6514.21
121840,60.57,6514.21
121850,60.57,6459.3
121860,60.57,6459.3
121870,60.57,6459.3
121880,60.57,6459.3
121890,60.57,6459.3
121900,60.57,6459.3
121910,60.57,6459.3
121920,60.57,6459.3
121930,60.57,6459.3
121940,60.57,6459.3
121950,60.57,6459.3
121960,60.57,6459.3
121970,60.57,6459.3
121980,60.57,6459.3
121990,60.57,6459.3
122000,60.57,6459.3
122010,60.57,6459.3
122020,60.57,6459.3
122030,60.57,6459.3
122040,60.57,6459.3
122050,60.57,6459.3
122060,60.57,6459.3
122070,60.57,6459.3
122080,60.57,6459.3
122090,60.57,6459.3
122100,60.37,6459.3
122110,60.37,6459.3
122120,60.37,6459.3
122130,60.37,6459.3
122140,60.37,6459.3
122150,60.37,6459.3
122160,60.37,6459.3
122170,60.37,6459.3
122180,60.37,6413.69
122190,60.37,6413.69
122200,60.37,6413.69
122210,60.37,6413.69
122220,60.37,6413.69
122230,60.37,6413.69
122240,60.37,6413.69
122250,60.37,6413.69
122260,60.37,6413.69
122270,60.37,6413.69
122280,60.37,6413.69
122290,60.37,6413.69
122300,60.37,6413.69
122310,60.37,6413.69
122320,60.37,6413.69
122330,60.37,6413.69
122340,60.37,6413.69
122350,60.37,6413.69
122360,60.37,6413.69
122370,60.37,6413.69
122380,60.37,6413.69
122390,60.37,6413.69
122400,60.37,6413.69
122410,60.37,6316.22
122420,60.37,6316.22
122430,60.37,6316.22
122440,60.37,6316.22
122450,60.37,6316.22
122460,60.37,6316.22
122470,60.37,6316.22
122480,60.37,6316.22
122490,60.37,6316.22
122500,60.37,6316.22
122510,60.37,6316.22
122520,60.37,6316.22
122530,60.7,6316.22
122540,60.7,6316.22
122550,60.7,6316.22
122560,60.7,6316.22
122570,60.7,6316.22
122580,60.7,6316.22
122590,60.7,6316.22
122600,60.7,6316.22
122610,60.7,6316.22
122620,60.7,6316.22
122630,60.7,6316.22
122640,60.7,6316.22
122650,60.7,6316.22
122660,60.7,6316.22
122670,60.7,6316.22
122680,60.7,6316.22
122690,60.7,6316.22
122700,60.7,6316.22
122710,60.7,6316.22
122720,60.7,6316.22
122730,60.7,6316.22
122740,60.7,6316.22
122750,60.7,6316.22
122760,60.7,6316.22
122770,60.7,6316.22
122780,60.7,6398.02
122790,60.7,6398.02
122800,60.7,6398.02
122810,60.7,6398.02
122820,60.7,6398.02
122830,60.7,6398.02
122840,60.7,6398.02
122850,60.55,6398.02
122860,60.55,6398.02
122870,60.55,6398.02
122880,60.55,6398.02
122890,60.55,6398.02
122900,60.55,6398.02
122910,60.55,6398.02
122920,60.55,6398.02
122930,60.55,6398.02
122940,60.55,6398.02
122950,60.55,6398.02
122960,60.55,6398.02
122970,60.55,6398.02
122980,60.55,6398.02
122990,60.55,6398.02
123000,60.55,6398.02
123010,60.55,6398.02
123020,60.55,6398.02
123030,60.55,6398.02
123040,60.55,6398.02
123050,60.55,6398.02
123060,60.55,6398.02
123070,60.55,6398.02
123080,60.55,6398.02
123090,60.55,6398.02
123100,60.55,6398.02
123110,60.55,6398.02
123120,60.55,6398.02
123130,61.08,6398.02
123140,61.08,6398.02
123150,61.08,6237.43
123160,61.08,6237.43
123170,61.08,6237.43
123180,61.08,6237.43
123190,61.08,6237.43
123200,61.08,6237.43
123210,61.08,6237.43
123220,61.08,6237.43
123230,61.08,6237.43
123240,61.08,6237.43
123250,61.08,6237.43
123260,61.08,6237.43
123270,61.08,6237.43
123280,61.08,6237.43
123290,61.08,6237.43
123300,61.08,6237.43
123310,61.08,6237.43
123320,61.08,6237.43
123330,61.08,6237.43
123340,61.08,6237.43
123350,61.08,6237.43
123360,61.08,6237.43
123370,61.08,6237.43
123380,61.21,6237.43
123390,61.21,6237.43
123400,61.21,6237.43
123410,61.21,6237.43
123420,61.21,6237.43
123430,61.21,6237.43
123440,61.21,6237.43
123450,61.21,6237.43
123460,61.21,6237.43
123470,61.21,6237.43
123480,61.21,6237.43
123490,61.21,6237.43
123500,61.21,6237.43
123510,61.21,6237.43
123520,61.21,6237.43
123530,61.21,6237.43
123540,61.21,6237.43
123550,61.21,6237.43
123560,61.21,6237.43
123570,61.21,6201.2
123580,61.21,6201.2
123590,61.21,6201.2
123600,61.21,6201.2
123610,61.21,6201.2
123620,61.21,6201.2
123630,61.21,6201.2
123640,61.21,6201.2
123650,61.21,6201.2
123660,61.21,6201.2
123670,61.21,6201.2
123680,61.21,6201.2
123690,61.21,6201.2
123700,61.21,6201.2
123710,61.21,6201.2
123720,61.21,6201.2
123730,61.21,6201.2
123740,61.21,6201.2
123750,61.21,6201.2
123760,60.79,6201.2
123770,60.79,6201.2
123780,60.79,6201.2
123790,60.79,6201.2
123800,60.79,6201.2
123810,60.79,6201.2
123820,60.79,6201.2
123830,60.79,6201.2
123840,60.79,6201.2
123850,60.79,6201.2
123860,60.79,6201.2
123870,60.79,6201.2
123880,60.79,6201.2
123890,60.79,6201.2
123900,60.79,6201.2
123910,60.79,6201.2
123920,60.79,6201.2
123930,60.79,6201.2
123940,60.79,6201.2
123950,60.79,6201.2
123960,60.79,6201.2
123970,60.79,6201.2
123980,60.79,6201.2
123990,60.79,6201.2
124000,60.79,6201.2
124010,60.79,6201.2
124020,60.79,6201.2
124030,60.79,6201.2
124040,60.79,6201.2
124050,60.79,6201.2
124060,60.79,6201.2
124070,60.79,6201.2
124080,60.79,6201.2
124090,60.86,6201.2
124100,60.86,6201.2
124110,60.86,6201.2
124120,60.86,6201.2
124130,60.86,6201.2
124140,60.86,6201.2
124150,60.86,6201.2
124160,60.86,6201.2
124170,60.86,6201.2
124180,60.86,6201.2
124190,60.86,6201.2
124200,60.86,6201.2
124210,60.86,6201.2
124220,60.86,6201.2
124230,60.86,6201.2
124240,60.86,6201.2
124250,60.86,6201.2
124260,60.86,6201.2
124270,60.86,6201.2
124280,60.86,6201.2
124290,60.86,6201.2
124300,61.05,6201.2
124310,61.05,6201.2
124320,61.05,6201.2
124330,61.05,6201.2
124340,61.05,6201.2
124350,61.05,6201.2
124360,61.05,6201.2
124370,61.05,6201.2
124380,61.05,6201.2
124390,61.05,6201.2
124400,61.05,6201.2
124410,61.05,6201.2
124420,61.05,6201.2
124430,61.05,6201.2
124440,61.05,6201.2
124450,61.05,6201.2
124460,61.05,6201.2
124470,61.05,6201.2
124480,61.05,6201.2
124490,61.05,6201.2
124500,61.05,6201.2
124510,61.05,6201.2
124520,61.05,6201.2
124530,61.05,6201.2
124540,61.05,6201.2
124550,61.05,6201.2
124560,61.05,6201.2
124570,61.05,6201.2
124580,61.05,6201.2
124590,61.14,6201.2
124600,61.14,6201.2
124610,61.14,6201.2
124620,61.14,6201.2
124630,61.14,6201.2
124640,61.14,6201.2
124650,61.14,6201.2
124660,61.14,6201.2
124670,61.14,6201.2
124680,61.14,6201.2
124690,61.14,6354.32
124700,61.14,6354.32
124710,61.14,6354.32
124720,61.14,6354.32
124730,61.14,6354.32
124740,61.14,6354.32
124750,61.14,6354.32
124760,61.14,6354.32
124770,61.14,6354.32
124780,61.14,6354.32
124790,61.14,6354.32
124800,61.14,6354.32
124810,61.14,6354.32
124820,61.14,6354.32
124830,61.14,6354.32
124840,61.14,6354.32
124850,61.14,6354.32
124860,61.14,6354.32
124870,61.14,6354.32
124880,61.14,6354.32
124890,61.14,6354.32
124900,61.14,6354.32
124910,61.14,6354.32
124920,61.14,6415.16
124930,61.14,6415.16
124940,61.14,6415.16
124950,61.14,6415.16
124960,61.14,6415.16
124970,61.14,6415.16
124980,61.14,6415.16
124990,61.14,6415.16
125000,61.14,6415.16
125010,61.14,6415.16
125020,61.14,6415.16
125030,61.14,6415.16
125040,61.14,6415.16
125050,60.83,6415.16
125060,60.83,6415.16
125070,60.83,6415.16
125080,60.83,6415.16
125090,60.83,6415.16
125100,60.83,6415.16
125110,60.83,6415.16
125120,60.83,6415.16
125130,60.83,6415.16
125140,60.83,6415.16
125150,60.83,6415.16
125160,60.83,6415.16
125170,60.83,6415.16
125180,60.83,6406.8
125190,60.83,6406.8
125200,60.83,6406.8
125210,60.83,6406.8
125220,60.83,6406.8
125230,60.83,6406.8
125240,60.83,6406.8
125250,60.83,6406.8
125260,60.83,6406.8
125270,60.83,6406.8
125280,60.83,6406.8
125290,60.76,6406.8
125300,60.76,6406.8
125310,60.76,6406.8
125320,60.76,6406.8
125330,60.76,6406.8
125340,60.76,6406.8
125350,60.76,6406.8
125360,60.76,6406.8
125370,60.76,6406.8
125380,60.76,6406.8
125390,60.76,6406.8
125400,60.76,6406.8
125410,60.76,6406.8
125420,60.76,6406.8
125430,60.76,6406.8
125440,60.76,6406.8
125450,60.76,6406.8
125460,60.76,6406.8
125470,60.76,6406.8
125480,60.76,6406.8
125490,60.76,6406.8
125500,60.76,6406.8
125510,60.76,6406.8
125520,60.76,6406.8
125530,60.76,6406.8
125540,60.76,6406.8
125550,60.76,6406.8
125560,60.76,6306.97
125570,60.76,6306.97
125580,60.76,6306.97
125590,60.76,6306.97
125600,60.76,6306.97
125610,61.12,6306.97
125620,61.12,6306.97
125630,61.12,6306.97
125640,61.12,6306.97
125650,61.12,6306.97
125660,61.12,6306.97
125670,61.12,6306.97
125680,61.12,6306.97
125690,61.12,6306.97
125700,61.12,6306.97
125710,61.12,6306.97
125720,61.12,6306.97
125730,61.12,6306.97
125740,61.12,6306.97
125750,61.12,6306.97
125760,61.12,6306.97
125770,61.12,6306.97
125780,61.12,6306.97
125790,61.12,6306.97
125800,61.12,6306.97
125810,61.12,6306.97
125820,61.12,6306.97
125830,61.12,6306.97
125840,61.12,6306.97
125850,61.12,6306.97
125860,61.12,6306.97
125870,61.12,6306.97
125880,61.12,6306.97
125890,61.12,6271.71
125900,61.12,6271.71
125910,61.12,6271.71
125920,61.12,6271.71
125930,61.12,6271.71
125940,61.12,6271.71
125950,61.12,6271.71
125960,61.12,6271.71
125970,61.12,6271.71
125980,61.12,6271.71
125990,61.12,6271.71
126000,61.12,6271.71
126010,60.93,6271.71
126020,60.93,6271.71
126030,60.93,6271.71
126040,60.93,6271.71
126050,60.93,6271.71
126060,60.93,6271.71
126070,60.93,6271.71
126080,60.93,6271.71
126090,60.93,6271.71
126100,60.93,6271.71
126110,60.93,6271.71
126120,60.93,6271.71
126130,60.93,6354.85
126140,60.93,6354.85
126150,60.93,6354.85
126160,60.93,6354.85
126170,60.93,6354.85
126180,60.93,6354.85
126190,60.93,6354.85
126200,60.93,6354.85
126210,60.93,6354.85
126220,60.93,6354.85
126230,60.93,6354.85
126240,60.93,6354.85
126250,60.93,6354.85
126260,60.93,6354.85
126270,60.93,6354.85
126280,60.93,6354.85
126290,60.93,6354.85
126300,60.93,6354.85
126310,60.93,6354.85
126320,60.93,6354.85
126330,60.93,6354.85
126340,60.93,6354.85
126350,60.93,6354.85
126360,60.93,6354.85
126370,60.93,6354.85
126380,60.7,6354.85
126390,60.7,6354.85
126400,60.7,6354.85
126410,60.7,6354.85
126420,60.7,6354.85
126430,60.7,6354.85
126440,60.7,6354.85
126450,60.7,6354.85
126460,60.7,6354.85
126470,60.7,6354.85
126480,60.7,6354.85
126490,60.7,6354.85
126500,60.7,6404.77
126510,60.7,6404.77
126520,60.7,6404.77
126530,60.7,6404.77
126540,60.7,6404.77
126550,60.7,6404.77
126560,60.7,6404.77
126570,60.7,6404.77
126580,60.7,6404.77
126590,60.7,6404.77
126600,60.7,6404.77
126610,60.7,6404.77
126620,60.7,6404.77
126630,60.7,6404.77
126640,60.7,6404.77
126650,60.7,6404.77
126660,60.7,6404.77
126670,60.7,6404.77
126680,60.7,6404.77
126690,60.39,6404.77
126700,60.39,6404.77
126710,60.39,6404.77
126720,60.39,6404.77
126730,60.39,6404.77
126740,60.39,6404.77
126750,60.39,6404.77
126760,60.39,6404.77
126770,60.39,6404.77
126780,60.39,6523.32
126790,60.39,6523.32
126800,60.39,6523.32
126810,60.39,6523.32
126820,60.39,6523.32
126830,60.39,6523.32
126840,60.39,6523.32
126850,60.39,6523.32
126860,60.39,6523.32
126870,60.39,6523.32
126880,60.39,6523.32
126890,60.39,6523.32
126900,60.39,6523.32
126910,60.39,6523.32
126920,60.39,6523.32
126930,60.39,6523.32
126940,60.39,6523.32
126950,60.39,6523.32
126960,60.39,6523.32
126970,60.39,6523.32
126980,60.39,6523.32
126990,60.39,6523.32
127000,60.39,6523.32
127010,60.39,6523.32
127020,60.39,6566.86
127030,60.39,6566.86
127040,60.39,6566.86
127050,60.39,6566.86
127060,60.39,6566.86
127070,60.39,6566.86
127080,60.39,6566.86
127090,60.34,6566.86
127100,60.34,6566.86
127110,60.34,6566.86
127120,60.34,6566.86
127130,60.34,6566.86
127140,60.34,6566.86
127150,60.34,6566.86
127160,60.34,6566.86
127170,60.34,6566.86
127180,60.34,6566.86
127190,60.34,6566.86
127200,60.34,6566.86
127210,60.34,6566.86
127220,60.34,6566.86
127230,60.34,6566.86
127240,60.34,6566.86
127250,60.34,6566.86
127260,60.34,6566.86
127270,60.34,6566.86
127280,60.34,6566.86
127290,60.34,6566.86
127300,60.34,6566.86
127310,60.34,6566.86
127320,60.18,6566.86
127330,60.18,6566.86
127340,60.18,6566.86
127350,60.18,6566.86
127360,60.18,6566.86
127370,60.18,6566.86
127380,60.18,6566.86
127390,60.18,6566.86
127400,60.18,6566.86
127410,60.18,6566.86
127420,60.18,6566.86
127430,60.18,6415.43
127440,60.18,6415.43
127450,60.18,6415.43
127460,60.18,6415.43
127470,60.18,6415.43
127480,60.18,6415.43
127490,60.18,6415.43
127500,60.18,6415.43
127510,60.18,6415.43
127520,60.18,6415.43
127530,60.18,6415.43
127540,60.18,6415.43
127550,60.18,6415.43
127560,60.18,6415.43
127570,60.18,6415.43
127580,60.18,6415.43
127590,60.18,6415.43
127600,60.18,6415.43
127610,60.27,6415.43
127620,60.27,6415.43
127630,60.27,6415.43
127640,60.27,6415.43
127650,60.27,6415.43
127660,60.27,6415.43
127670,60.27,6415.43
127680,60.27,6415.43
127690,60.27,6415.43
127700,60.27,6415.43
127710,60.27,6415.43
127720,60.27,6415.43
127730,60.27,6415.43
127740,60.27,6415.43
127750,60.27,6415.43
127760,60.27,6415.43
127770,60.27,6415.43
127780,60.27,6415.43
127790,60.27,6415.43
127800,60.27,6285.68
127810,60.27,6285.68
127820,60.27,6285.68
127830,60.27,6285.68
127840,60.27,6285.68
127850,60.27,6285.68
127860,60.27,6285.68
127870,60.27,6285.68
127880,60.27,6285.68
127890,60.18,6285.68
127900,60.18,6285.68
127910,60.18,6285.68
127920,60.18,6285.68
127930,60.18,6285.68
127940,60.18,6285.68
127950,60.18,6285.68
127960,60.18,6285.68
127970,60.18,6285.68
127980,60.18,6285.68
127990,60.18,6285.68
128000,60.18,6285.68
128010,60.18,6285.68
128020,60.18,6285.68
128030,60.18,6285.68
128040,60.18,6285.68
128050,60.18,6285.68
128060,60.18,6285.68
128070,60.18,6285.68
128080,60.18,6285.68
128090,60.18,6285.68
128100,60.18,6285.68
128110,60.18,6285.68
128120,60.18,6285.68
128130,60.18,6285.68
128140,60.18,6285.68
128150,60.18,6285.68
128160,60.18,6201.2
128170,60.47,6201.2
128180,60.47,6201.2
128190,60.47,6201.2
128200,60.47,6201.2
128210,60.47,6201.2
128220,60.47,6201.2
128230,60.47,6201.2
128240,60.47,6201.2
128250,60.47,6201.2
128260,60.47,6201.2
128270,60.47,6201.2
128280,60.47,6201.2
128290,60.47,6201.2
128300,60.47,6201.2
128310,60.47,6201.2
128320,60.47,6201.2
128330,60.47,6201.2
128340,60.47,6201.2
128350,60.47,6201.2
128360,60.47,6201.2
128370,60.47,6201.2
128380,60.47,6201.2
128390,60.47,6201.2
128400,60.47,6201.2
128410,60.47,6201.2
128420,60.47,6201.2
128430,60.47,6201.2
128440,60.47,6201.2
128450,60.47,6201.2
128460,60.47,6201.2
128470,60.47,6201.2
128480,60.47,6201.2
128490,60.47,6201.2
128500,60.47,6201.2
128510,60.47,6201.2
128520,60.47,6201.2
128530,60.47,6201.2
128540,60.47,6201.2
128550,60.47,6201.2
128560,60.47,6201.2
128570,60.47,6201.2
128580,60.47,6201.2
128590,60.47,6201.2
128600,60.95,6201.2
128610,60.95,6201.2
128620,60.95,6201.2
128630,60.95,6201.2
128640,60.95,6201.2
128650,60.95,6201.2
128660,60.95,6201.2
128670,60.95,6201.2
128680,60.95,6201.2
128690,60.95,6201.2
128700,60.95,6201.2
128710,60.95,6201.2
128720,60.95,6201.2
128730,60.95,6201.2
128740,60.95,6201.2
128750,60.95,6201.2
128760,60.95,6201.2
128770,60.95,6201.2
128780,60.95,6201.2
128790,60.95,6201.2
128800,60.95,6201.2
128810,60.95,6201.2
128820,60.95,6201.2
128830,60.95,6201.2
128840,60.95,6201.2
128850,60.95,6201.2
128860,60.95,6201.2
128870,60.95,6201.2
128880,60.95,6201.2
128890,60.95,6201.2
128900,60.95,6201.2
128910,60.95,6201.2
128920,60.95,6201.2
128930,60.95,6201.2
128940,60.95,6201.2
128950,60.95,6201.2
128960,60.95,6201.2
128970,60.95,6201.2
128980,60.91,6201.2
128990,60.91,6201.2
129000,60.91,6201.2
129010,60.91,6201.2
129020,60.91,6201.2
129030,60.91,6201.2
129040,60.91,6201.2
129050,60.91,6201.2
129060,60.91,6201.2
129070,60.91,6201.2
129080,60.91,6201.2
129090,60.91,6201.2
129100,60.91,6201.2
129110,60.91,6201.2
129120,60.91,6201.2
129130,60.91,6201.2
129140,60.91,6201.2
129150,60.91,6201.2
129160,60.91,6201.2
129170,60.91,6201.2
129180,60.91,6201.2
129190,60.91,6201.2
129200,60.91,6201.2
129210,60.91,6201.2
129220,60.91,6201.2
129230,60.91,6201.2
129240,60.91,6201.2
129250,60.91,6201.2
129260,60.91,6201.2
129270,60.91,6201.2
129280,60.91,6201.2
129290,60.91,6201.2
129300,60.91,6201.2
129310,60.91,6201.2
129320,60.91,6201.2
129330,60.91,6201.2
129340,60.91,6201.2
129350,60.91,6201.2
129360,60.91,6201.2
129370,60.91,6201.2
129380,60.91,6201.2
129390,60.91,6201.2
129400,60.91,6201.2
129410,60.85,6201.2
129420,60.85,6201.2
129430,60.85,6201.2
129440,60.85,6201.2
129450,60.85,6201.2
129460,60.85,6201.2
129470,60.85,6201.2
129480,60.85,6201.2
129490,60.85,6201.2
129500,60.85,6201.2
129510,60.85,6201.2
129520,60.85,6201.2
129530,60.85,6201.2
129540,60.85,6201.2
129550,60.85,6201.2
129560,60.85,6201.2
129570,60.85,6201.2
129580,60.85,6201.2
129590,60.85,6201.2
129600,60.85,6201.2
129610,60.85,6201.2
129620,60.85,6201.2
129630,60.85,6201.2
129640,60.85,6201.2
129650,60.85,6201.2
129660,60.85,6201.2
129670,60.85,6201.2
129680,60.85,6201.2
129690,60.85,6201.2
129700,60.85,6201.2
129710,60.85,6201.2
129720,60.85,6201.2
129730,60.85,6201.2
129740,60.85,6201.2
129750,60.85,6201.2
129760,60.85,6201.2
129770,60.85,6201.2
129780,60.85,6201.2
129790,60.85,6201.2
129800,60.85,6201.2
129810,60.85,6201.2
129820,60.85,6201.2
129830,60.85,6201.2
129840,60.85,6201.2
129850,60.85,6201.2
129860,60.85,6201.2
129870,60.85,6201.2
129880,60.85,6201.2
129890,60.85,6201.2
129900,61.08,6201.2
129910,61.08,6201.2
129920,61.08,6201.2
129930,61.08,6201.2
129940,61.08,6201.2
129950,61.08,6201.2
129960,61.08,6201.2
129970,61.08,6201.2
129980,61.08,6201.2
129990,61.08,6201.2
130000,61.08,6201.2
130010,61.08,6201.2
130020,61.08,6201.2
130030,61.08,6201.2
130040,61.08,6201.2
130050,61.08,6201.2
130060,61.08,6201.2
130070,61.08,6201.2
130080,61.08,6201.2
130090,61.08,6201.2
130100,61.08,6201.2
130110,61.08,6201.2
130120,61.08,6201.2
130130,61.08,6201.2
130140,61.08,6201.2
130150,61.08,6201.2
130160,61.08,6201.2
130170,61.08,6201.2
130180,61.08,6201.2
130190,61.08,6201.2
130200,61.08,6201.2
130210,61.08,6201.2
130220,61.08,6201.2
130230,61.08,6201.2
130240,61.08,6201.2
130250,61.08,6201.2
130260,61.08,6201.2
130270,61.08,6201.2
130280,61.08,6201.2
130290,61.08,6201.2
130300,61.27,6201.2
130310,61.27,6201.2
130320,61.27,6201.2
130330,61.27,6201.2
130340,61.27,6201.2
130350,61.27,6201.2
130360,61.27,6201.2
130370,61.27,6201.2
130380,61.27,6201.2
130390,61.27,6201.2
130400,61.27,6201.2
130410,61.27,6201.2
130420,61.27,6201.2
130430,61.27,6201.2
130440,61.27,6201.2
130450,61.27,6201.2
130460,61.27,6201.2
130470,61.27,6201.2
130480,61.27,6201.2
130490,61.27,6201.2
130500,61.27,6201.2
130510,61.27,6201.2
130520,61.27,6201.2
130530,61.27,6201.2
130540,61.27,6201.2
130550,61.27,6201.2
130560,61.27,6201.2
130570,61.27,6201.2
130580,61.27,6201.2
130590,61.27,6201.2
130600,61.27,6201.2
130610,61.27,6201.2
130620,61.27,6201.2
130630,61.27,6201.2
130640,61.27,6201.2
130650,61.27,6201.2
130660,61.27,6201.2
130670,61.27,6201.2
130680,61.27,6201.2
130690,61.27,6201.2
130700,61.27,6201.2
130710,61.27,6201.2
130720,61.27,6201.2
130730,61.39,6201.2
130740,61.39,6201.2
130750,61.39,6201.2
130760,61.39,6201.2
130770,61.39,6201.2
130780,61.39,6201.2
130790,61.39,6201.2
130800,61.39,6201.2
130810,61.39,6201.2
130820,61.39,6201.2
130830,61.39,6201.2
130840,61.39,6201.2
130850,61.39,6201.2
130860,61.39,6201.2
130870,61.39,6201.2
130880,61.39,6201.2
130890,61.39,6201.2
130900,61.39,6201.2
130910,61.39,6201.2
130920,61.39,6201.2
130930,61.39,6201.2
130940,61.39,6201.2
130950,61.39,6201.2
130960,61.39,6201.2
130970,61.57,6201.2
130980,61.57,6201.2
130990,61.57,6201.2
131000,61.57,6201.2
131010,61.57,6201.2
131020,61.57,6201.2
131030,61.57,6201.2
131040,61.57,6201.2
131050,61.57,6201.2
131060,61.57,6201.2
131070,61.57,6201.2
131080,61.57,6201.2
131090,61.57,6201.2
131100,61.57,6201.2
131110,61.57,6201.2
131120,61.57,6201.2
131130,61.57,6201.2
131140,61.57,6201.2
131150,61.57,6201.2
131160,61.57,6201.2
131170,61.57,6201.2
131180,61.57,6201.2
131190,61.57,6201.2
131200,61.57,6201.2
131210,61.57,6201.2
131220,61.57,6201.2
131230,61.57,6201.2
131240,61.57,6201.2
131250,61.38,6201.2
131260,61.38,6201.2
131270,61.38,6201.2
131280,61.38,6201.2
131290,61.38,6201.2
131300,61.38,6201.2
131310,61.38,6201.2
131320,61.38,6201.2
131330,61.38,6201.2
131340,61.38,6201.2
131350,61.38,6201.2
131360,61.38,6201.2
131370,61.38,6201.2
131380,61.38,6201.2
131390,61.38,6201.2
131400,61.38,6201.2
131410,61.38,6201.2
131420,61.38,6201.2
131430,61.38,6201.2
131440,61.38,6201.2
131450,61.38,6201.2
131460,61.38,6201.2
131470,61.38,6314.42
131480,61.38,6314.42
131490,61.38,6314.42
131500,61.38,6314.42
131510,61.38,6314.42
131520,61.38,6314.42
131530,61.38,6314.42
131540,61.38,6314.42
131550,61.38,6314.42
131560,61.38,6314.42
131570,61.38,6314.42
131580,61.38,6314.42
131590,61.38,6314.42
131600,61.38,6314.42
131610,61.38,6314.42
131620,61.38,6314.42
131630,61.38,6314.42
131640,61.38,6314.42
131650,61.38,6314.42
131660,61.38,6314.42
131670,61.38,6314.42
131680,61.38,6314.42
131690,61.38,6314.42
131700,61.38,6314.42
131710,61.38,6314.42
131720,61.38,6314.42
131730,61.38,6314.42
131740,61.29,6314.42
131750,61.29,6314.42
131760,61.29,6314.42
131770,61.29,6314.42
131780,61.29,6314.42
131790,61.29,6314.42
131800,61.29,6314.42
131810,61.29,6314.42
131820,61.29,6314.42
131830,61.29,6314.42
131840,61.29,6314.42
131850,61.29,6314.42
131860,61.29,6314.42
131870,61.29,6314.42
131880,61.29,6314.42
131890,61.29,6314.42
131900,61.29,6314.42
131910,61.29,6314.42
131920,61.29,6277.7
131930,61.29,6277.7
131940,61.29,6277.7
131950,61.29,6277.7
131960,61.29,6277.7
131970,61.29,6277.7
131980,61.29,6277.7
131990,61.29,6277.7
132000,61.29,6277.7
132010,61.29,6277.7
132020,61.29,6277.7
132030,61.29,6277.7
132040,61.29,6277.7
132050,61.29,6277.7
132060,61.29,6277.7
132070,61.29,6277.7
132080,61.29,6277.7
132090,61.29,6277.7
132100,61.29,6277.7
132110,61.27,6277.7
132120,61.27,6277.7
132130,61.27,6277.7
132140,61.27,6277.7
132150,61.27,6277.7
132160,61.27,6277.7
132170,61.27,6277.7
132180,61.27,6277.7
132190,61.27,6277.7
132200,61.27,6277.7
132210,61.27,6277.7
132220,61.27,6277.7
132230,61.27,6277.7
132240,61.27,6277.7
132250,61.27,6277.7
132260,61.27,6263.11
132270,61.27,6263.11
132280,61.27,6263.11
132290,61.27,6263.11
132300,61.27,6263.11
132310,61.27,6263.11
132320,61.27,6263.11
132330,61.27,6263.11
132340,61.27,6263.11
132350,61.27,6263.11
132360,61.27,6263.11
132370,61.27,6263.11
132380,61.27,6263.11
132390,61.27,6263.11
132400,61.27,6263.11
132410,61.28,6263.11
132420,61.28,6263.11
132430,61.28,6263.11
132440,61.28,6263.11
132450,61.28,6263.11
132460,61.28,6263.11
132470,61.28,6263.11
132480,61.28,6263.11
132490,61.28,6263.11
132500,61.28,6263.11
132510,61.28,6263.11
132520,61.28,6263.11
132530,61.28,6263.11
132540,61.28,6263.11
132550,61.28,6263.11
132560,61.28,6263.11
132570,61.28,6245.53
132580,61.28,6245.53
132590,61.28,6245.53
132600,61.28,6245.53
132610,61.28,6245.53
132620,61.2,6245.53
132630,61.2,6245.53
132640,61.2,6245.53
132650,61.2,6245.53
132660,61.2,6245.53
132670,61.2,6245.53
132680,61.2,6245.53
132690,61.2,6245.53
132700,61.2,6245.53
132710,61.2,6245.53
132720,61.2,6245.53
132730,61.2,6245.53
132740,61.2,6245.53
132750,61.2,6245.53
132760,61.2,6245.53
132770,61.2,6245.53
132780,61.2,6245.53
132790,61.2,6245.53
132800,61.2,6245.53
132810,61.2,6245.53
132820,61.2,6245.53
132830,61.2,6245.53
132840,61.2,6245.53
132850,61.2,6245.53
132860,61.2,6245.53
132870,61.2,6245.53
132880,61.2,6245.53
132890,61.2,6245.53
132900,61.2,6245.53
132910,61.2,6245.53
132920,61.2,6245.53
132930,61.2,6201.2
132940,61.2,6201.2
132950,61.2,6201.2
132960,61.2,6201.2
132970,61.2,6201.2
132980,61.2,6201.2
132990,61.2,6201.2
133000,61.08,6201.2
133010,61.08,6201.2
133020,61.08,6201.2
133030,61.08,6201.2
133040,61.08,6201.2
133050,61.08,6201.2
133060,61.08,6201.2
133070,61.08,6201.2
133080,61.08,6201.2
133090,61.08,6201.2
133100,61.08,6201.2
133110,61.08,6201.2
133120,61.08,6201.2
133130,61.08,6201.2
133140,61.08,6201.2
133150,61.08,6201.2
133160,61.08,6201.2
133170,61.08,6201.2
133180,61.08,6201.2
133190,61.08,6201.2
133200,61.08,6201.2
133210,61.08,6201.2
133220,61.08,6201.2
133230,61.08,6201.2
133240,61.08,6201.2
133250,61.08,6201.2
133260,61.08,6201.2
133270,61.08,6201.2
133280,61.08,6201.2
133290,61.08,6201.2
133300,61.08,6201.2
133310,61.08,6297.03
133320,61.08,6297.03
133330,61.08,6297.03
133340,61.08,6297.03
133350,61.08,6297.03
133360,61.08,6297.03
133370,61.08,6297.03
133380,61.08,6297.03
133390,61.08,6297.03
133400,61.08,6297.03
133410,61.08,6297.03
133420,61.08,6297.03
133430,61.08,6297.03
133440,61.08,6297.03
133450,61.08,6297.03
133460,61.08,6297.03
133470,61.08,6297.03
133480,61.08,6297.03
133490,61.08,6297.03
133500,61.08,6297.03
133510,61.08,6297.03
133520,61.08,6297.03
133530,61.08,6297.03
133540,61.08,6297.03
133550,61.08,6297.03
133560,61.08,6297.03
133570,61.08,6297.03
133580,61.08,6297.03
133590,61.08,6297.03
133600,61.08,6297.03
133610,61.08,6297.03
133620,61.08,6297.03
133630,61.08,6297.03
133640,61.08,6297.03
133650,61.08,6297.03
133660,61.08,6297.03
133670,61.08,6297.03
133680,61.08,6297.03
133690,61.08,6297.03
133700,61.08,6297.03
133710,61.08,6297.03
133720,61.08,6297.03
133730,61.08,6297.03
133740,61.08,6297.03
133750,61.08,6297.03
133760,61.08,6297.03
133770,61.08,6201.2
133780,61.08,6201.2
133790,61.08,6201.2
133800,61.08,6201.2
133810,61.08,6201.2
133820,61.08,6201.2
133830,61.08,6201.2
133840,61.08,6201.2
133850,61.08,6201.2
133860,61.08,6201.2
133870,61.08,6201.2
133880,61.08,6201.2
133890,61.08,6201.2
133900,61.08,6201.2
133910,61.08,6201.2
133920,61.08,6201.2
133930,61.08,6201.2
133940,61.08,6201.2
133950,61.08,6201.2
133960,61.08,6201.2
133970,61.08,6201.2
133980,61.08,6201.2
133990,61.08,6201.2
134000,61.34,6201.2
134010,61.34,6201.2
134020,61.34,6201.2
134030,61.34,6201.2
134040,61.34,6201.2
134050,61.34,6201.2
134060,61.34,6201.2
134070,61.34,6201.2
134080,61.34,6201.2
134090,61.34,6201.2
134100,61.34,6201.2
134110,61.34,6201.2
134120,61.34,6201.2
134130,61.34,6201.2
134140,61.34,6201.2
134150,61.34,6201.2
134160,61.34,6201.2
134170,61.34,6201.2
134180,61.34,6201.2
134190,61.34,6201.2
134200,61.34,6201.2
134210,61.34,6201.2
134220,61.34,6201.2
134230,61.34,6201.2
134240,61.34,6201.2
134250,61.34,6201.2
134260,61.34,6201.2
134270,61.16,6201.2
134280,61.16,6201.2
134290,61.16,6201.2
134300,61.16,6201.2
134310,61.16,6201.2
134320,61.16,6201.2
134330,61.16,6201.2
134340,61.16,6201.2
134350,61.16,6201.2
134360,61.16,6201.2
134370,61.16,6201.2
134380,61.16,6201.2
134390,61.16,6201.2
134400,61.16,6201.2
134410,61.16,6201.2
134420,61.16,6201.2
134430,61.16,6201.2
134440,61.16,6201.2
134450,61.16,6201.2
134460,61.16,6201.2
134470,61.08,6201.2
134480,61.08,6201.2
134490,61.08,6201.2
134500,61.08,6201.2
134510,61.08,6201.2
134520,61.08,6201.2
134530,61.08,6201.2
134540,61.08,6201.2
134550,61.08,6201.2
134560,61.08,6201.2
134570,61.08,6201.2
134580,61.08,6201.2
134590,61.08,6201.2
134600,61.08,6201.2
134610,61.08,6201.2
134620,61.08,6201.2
134630,61.08,6201.2
134640,61.08,6201.2
134650,61.08,6201.2
134660,61.08,6201.2
134670,61.08,6201.2
134680,61.52,6201.2
134690,61.52,6201.2
134700,61.52,6201.2
134710,61.52,6201.2
134720,61.52,6201.2
134730,61.52,6201.2
134740,61.52,6201.2
134750,61.52,6201.2
134760,61.52,6201.2
134770,61.52,6201.2
134780,61.52,6201.2
134790,61.52,6201.2
134800,61.52,6201.2
134810,61.52,6201.2
134820,61.52,6201.2
134830,61.52,6201.2
134840,61.52,6201.2
134850,61.52,6201.2
134860,61.52,6201.2
134870,61.52,6201.2
134880,61.52,6260.0
134890,61.52,6260.0
134900,61.52,6260.0
134910,61.52,6260.0
134920,61.52,6260.0
134930,61.52,6260.0
134940,61.52,6260.0
134950,61.52,6260.0
134960,61.52,6260.0
134970,61.52,6260.0
134980,61.52,6260.0
134990,61.52,6260.0
135000,61.52,6260.0
135010,61.52,6260.0
135020,61.52,6260.0
135030,61.52,6260.0
135040,61.52,6260.0
135050,61.52,6260.0
135060,61.47,6260.0
135070,61.47,6260.0
135080,61.47,6260.0
135090,61.47,6260.0
135100,61.47,6260.0
135110,61.47,6260.0
135120,61.47,6260.0
135130,61.47,6260.0
135140,61.47,6260.0
135150,61.47,6260.0
135160,61.47,6260.0
135170,61.47,6203.22
135180,61.47,6203.22
135190,61.47,6203.22
135200,61.47,6203.22
135210,61.47,6203.22
135220,61.47,6203.22
135230,61.47,6203.22
135240,61.47,6203.22
135250,61.47,6203.22
135260,61.47,6203.22
135270,61.47,6203.22
135280,61.47,6203.22
135290,61.47,6203.22
135300,61.47,6203.22
135310,61.47,6203.22
135320,61.47,6203.22
135330,61.47,6203.22
135340,61.47,6203.22
135350,61.47,6203.22
135360,61.47,6203.22
135370,61.47,6203.22
135380,61.47,6203.22
135390,61.47,6203.22
135400,61.47,6203.22
135410,62.0,6340.52
135420,62.0,6340.52
135430,62.0,6340.52
135440,62.0,6340.52
135450,62.0,6340.52
135460,62.0,6340.52
135470,62.0,6340.52
135480,62.0,6340.52
135490,62.0,6340.52
135500,62.0,6340.52
135510,62.0,6340.52
135520,62.0,6340.52
135530,62.0,6340.52
135540,62.0,6340.52
135550,62.0,6340.52
135560,62.0,6340.52
135570,62.0,6340.52
135580,62.0,6340.52
135590,62.0,6340.52
135600,62.0,6340.52
135610,62.0,6340.52
135620,62.0,6340.52
135630,62.0,6340.52
135640,62.0,6340.52
135650,62.0,6340.52
135660,62.0,6340.52
135670,62.0,6340.52
135680,62.0,6340.52
135690,62.0,6340.52
135700,62.0,6340.52
135710,62.0,6340.52
135720,62.0,6340.52
135730,62.0,6340.52
135740,62.0,6340.52
135750,62.0,6340.52
135760,62.0,6340.52
135770,62.0,6340.52
135780,62.0,6340.52
135790,62.0,6340.52
135800,62.0,6340.52
135810,62.0,6340.52
135820,62.0,6340.52
135830,62.0,6340.52
135840,62.0,6340.52
135850,62.0,6340.52
135860,62.0,6340.52
135870,61.67,6340.52
135880,61.67,6438.76
135890,61.67,6438.76
135900,61.67,6438.76
135910,61.67,6438.76
135920,61.67,6438.76
135930,61.67,6438.76
135940,61.67,6438.76
135950,61.67,6438.76
135960,61.67,6438.76
135970,61.67,6438.76
135980,61.67,6438.76
135990,61.67,6438.76
136000,61.67,6438.76
136010,61.67,6438.76
136020,61.67,6438.76
136030,61.67,6438.76
136040,61.67,6438.76
136050,61.67,6438.76
136060,61.67,6438.76
136070,61.67,6438.76
136080,61.67,6438.76
136090,61.67,6438.76
136100,61.67,6438.76
136110,61.67,6438.76
136120,61.67,6484.45
136130,61.67,6484.45
136140,61.67,6484.45
136150,61.67,6484.45
136160,61.67,6484.45
136170,61.67,6484.45
136180,61.67,6484.45
136190,61.67,6484.45
136200,61.67,6484.45
136210,61.67,6484.45
136220,61.67,6484.45
136230,61.67,6484.45
136240,61.67,6484.45
136250,61.67,6484.45
136260,61.67,6484.45
136270,61.67,6484.45
136280,61.67,6484.45
136290,61.67,6484.45
136300,62.2,6484.45
136310,62.2,6484.45
136320,62.2,6484.45
136330,62.2,6484.45
136340,62.2,6484.45
136350,62.2,6484.45
136360,62.2,6484.45
136370,62.2,6484.45
136380,62.2,6484.45
136390,62.2,6484.45
136400,62.2,6484.45
136410,62.2,6484.45
136420,62.2,6484.45
136430,62.2,6484.45
136440,62.2,6484.45
136450,62.2,6484.45
136460,62.2,6518.02
136470,62.2,6518.02
136480,62.2,6518.02
136490,62.2,6518.02
136500,62.2,6518.02
136510,62.2,6518.02
136520,62.2,6518.02
136530,62.2,6518.02
136540,62.2,6518.02
136550,62.2,6518.02
136560,62.2,6518.02
136570,62.2,6518.02
136580,62.2,6518.02
136590,62.2,6518.02
136600,62.2,6518.02
136610,62.2,6518.02
136620,62.2,6518.02
136630,62.2,6518.02
136640,62.2,6518.02
136650,62.2,6518.02
136660,62.2,6518.02
136670,61.73,6518.02
136680,61.73,6518.02
136690,61.73,6518.02
136700,61.73,6398.48
136710,61.73,6398.48
136720,61.73,6398.48
136730,61.73,6398.48
136740,61.73,6398.48
136750,61.73,6398.48
136760,61.73,6398.48
136770,61.73,6398.48
136780,61.73,6398.48
136790,61.73,6398.48
136800,61.73,6398.48
136810,61.73,6398.48
136820,61.73,6398.48
136830,61.73,6398.48
136840,61.73,6398.48
136850,61.73,6398.48
136860,61.73,6398.48
136870,61.73,6398.48
136880,61.73,6398.48
136890,61.73,6398.48
136900,61.73,6398.48
136910,61.73,6398.48
136920,61.73,6398.48
136930,61.73,6398.48
136940,61.73,6398.48
136950,61.73,6398.48
136960,61.73,6398.48
136970,61.73,6398.48
136980,61.73,6398.48
136990,61.44,6398.48
137000,61.44,6398.48
137010,61.44,6398.48
137020,61.44,6398.48
137030,61.44,6398.48
137040,61.44,6398.48
137050,61.44,6398.48
137060,61.44,6398.48
137070,61.44,6507.94
137080,61.44,6507.94
137090,61.44,6507.94
137100,61.44,6507.94
137110,61.44,6507.94
137120,61.44,6507.94
137130,61.44,6507.94
137140,61.44,6507.94
137150,61.44,6507.94
137160,61.44,6507.94
137170,61.44,6507.94
137180,61.44,6507.94
137190,61.44,6507.94
137200,61.08,6507.94
137210,61.08,6507.94
137220,61.08,6507.94
137230,61.08,6507.94
137240,61.08,6507.94
137250,61.08,6507.94
137260,61.08,6507.94
137270,61.08,6507.94
137280,61.08,6507.94
137290,61.08,6507.94
137300,61.08,6507.94
137310,61.08,6507.94
137320,61.08,6440.56
137330,61.08,6440.56
137340,61.08,6440.56
137350,61.08,6440.56
137360,61.08,6440.56
137370,61.08,6440.56
137380,61.08,6440.56
137390,61.08,6440.56
137400,61.08,6440.56
137410,61.08,6440.56
137420,61.08,6440.56
137430,61.08,6440.56
137440,61.08,6440.56
137450,61.08,6440.56
137460,61.08,6440.56
137470,61.08,6440.56
137480,61.08,6440.56
137490,61.08,6440.56
137500,61.08,6440.56
137510,61.54,6440.56
137520,61.54,6440.56
137530,61.54,6440.56
137540,61.54,6440.56
137550,61.54,6440.56
137560,61.54,6440.56
137570,61.54,6440.56
137580,61.54,6440.56
137590,61.54,6440.56
137600,61.54,6440.56
137610,61.54,6440.56
137620,61.54,6440.56
137630,61.54,6440.56
137640,61.54,6440.56
137650,61.54,6353.65
137660,61.54,6353.65
137670,61.54,6353.65
137680,61.54,6353.65
137690,61.54,6353.65
137700,61.54,6353.65
137710,61.54,6353.65
137720,61.54,6353.65
137730,61.54,6353.65
137740,61.54,6353.65
137750,61.54,6353.65
137760,61.54,6353.65
137770,61.54,6353.65
137780,61.54,6353.65
137790,61.54,6353.65
137800,61.54,6353.65
137810,61.54,6353.65
137820,61.54,6353.65
137830,61.54,6353.65
137840,61.54,6353.65
137850,61.54,6353.65
137860,61.54,6353.65
137870,61.54,6353.65
137880,61.54,6353.65
137890,61.54,6353.65
137900,61.54,6353.65
137910,61.54,6353.65
137920,61.54,6353.65
137930,61.54,6353.65
137940,61.74,6353.65
137950,61.74,6353.65
137960,61.74,6353.65
137970,61.74,6353.65
137980,61.74,6353.65
137990,61.74,6353.65
138000,61.74,6353.65
138010,61.74,6353.65
138020,61.74,6353.65
138030,61.74,6353.65
138040,61.74,6353.65
138050,61.74,6353.65
138060,61.74,6426.94
138070,61.74,6426.94
138080,61.74,6426.94
138090,61.74,6426.94
138100,61.74,6426.94
138110,61.74,6426.94
138120,61.74,6426.94
138130,61.74,6426.94
138140,61.74,6426.94
138150,61.74,6426.94
138160,61.74,6426.94
138170,61.74,6426.94
138180,61.74,6426.94
138190,61.74,6426.94
138200,61.74,6426.94
138210,61.74,6426.94
138220,61.74,6426.94
138230,61.74,6426.94
138240,61.74,6426.94
138250,61.74,6426.94
138260,61.74,6426.94
138270,61.74,6426.94
138280,61.74,6426.94
138290,61.6,6426.94
138300,61.6,6426.94
138310,61.6,6426.94
138320,61.6,6426.94
138330,61.6,6426.94
138340,61.6,6426.94
138350,61.6,6426.94
138360,61.6,6426.94
138370,61.6,6426.94
138380,61.6,6421.12
138390,61.6,6421.12
138400,61.6,6421.12
138410,61.6,6421.12
138420,61.6,6421.12
138430,61.6,6421.12
138440,61.6,6421.12
138450,61.6,6421.12
138460,61.6,6421.12
138470,61.6,6421.12
138480,61.6,6421.12
138490,61.6,6421.12
138500,61.6,6421.12
138510,61.6,6421.12
138520,61.6,6421.12
138530,61.6,6421.12
138540,61.6,6421.12
138550,61.6,6421.12
138560,61.6,6421.12
138570,61.6,6421.12
138580,61.6,6421.12
138590,61.6,6421.12
138600,61.38,6421.12
138610,61.38,6421.12
138620,61.38,6421.12
138630,61.38,6421.12
138640,61.38,6421.12
138650,61.38,6421.12
138660,61.38,6421.12
138670,61.38,6421.12
138680,61.38,6421.12
138690,61.38,6421.12
138700,61.38,6421.12
138710,61.38,6421.12
138720,61.38,6421.12
138730,61.38,6421.12
138740,61.38,6421.12
138750,61.38,6421.12
138760,61.38,6421.12
138770,61.38,6421.12
138780,61.38,6421.12
138790,61.38,6421.12
138800,61.38,6421.12
138810,61.38,6421.12
138820,61.38,6421.12
138830,61.38,6421.12
138840,61.38,6421.12
138850,61.38,6421.12
138860,61.58,6471.06
138870,61.58,6471.06
138880,61.58,6471.06
138890,61.58,6471.06
138900,61.58,6471.06
138910,61.58,6471.06
138920,61.58,6471.06
138930,61.58,6471.06
138940,61.58,6471.06
138950,61.58,6471.06
138960,61.58,6471.06
138970,61.58,6471.06
138980,61.58,6471.06
138990,61.58,6471.06
139000,61.58,6471.06
139010,61.58,6471.06
139020,61.58,6471.06
139030,61.58,6471.06
139040,61.58,6471.06
139050,61.58,6471.06
139060,61.58,6471.06
139070,61.58,6471.06
139080,61.58,6471.06
139090,61.58,6545.95
139100,61.58,6545.95
139110,61.58,6545.95
139120,61.58,6545.95
139130,61.58,6545.95
139140,61.84,6545.95
139150,61.84,6545.95
139160,61.84,6545.95
139170,61.84,6545.95
139180,61.84,6545.95
139190,61.84,6545.95
139200,61.84,6545.95
139210,61.84,6545.95
139220,61.84,6545.95
139230,61.84,6545.95
139240,61.84,6545.95
139250,61.84,6545.95
139260,61.84,6545.95
139270,61.84,6545.95
139280,61.84,6545.95
139290,61.84,6545.95
139300,61.84,6545.95
139310,61.84,6545.95
139320,61.84,6545.95
139330,61.84,6545.95
139340,61.84,6477.75
139350,61.84,6477.75
139360,61.84,6477.75
139370,61.84,6477.75
139380,61.84,6477.75
139390,61.84,6477.75
139400,61.84,6477.75
139410,61.84,6477.75
139420,61.84,6477.75
139430,61.84,6477.75
139440,61.84,6477.75
139450,61.84,6477.75
139460,61.84,6477.75
139470,61.84,6477.75
139480,61.84,6477.75
139490,61.84,6477.75
139500,61.84,6477.75
139510,61.84,6477.75
139520,61.84,6477.75
139530,61.84,6477.75
139540,61.84,6477.75
139550,61.84,6477.75
139560,61.78,6477.75
139570,61.78,6477.75
139580,61.78,6477.75
139590,61.78,6477.75
139600,61.78,6477.75
139610,61.78,6477.75
139620,61.78,6477.75
139630,61.78,6477.75
139640,61.78,6477.75
139650,61.78,6477.75
139660,61.78,6477.75
139670,61.78,6477.75
139680,61.78,6477.75
139690,61.78,6376.87
139700,61.78,6376.87
139710,61.78,6376.87
139720,61.78,6376.87
139730,61.78,6376.87
139740,61.78,6376.87
139750,61.78,6376.87
139760,61.78,6376.87
139770,61.78,6376.87
139780,61.78,6376.87
139790,61.78,6376.87
139800,61.78,6376.87
139810,61.78,6376.87
139820,61.78,6376.87
139830,61.78,6376.87
139840,61.78,6376.87
139850,61.78,6376.87
139860,61.78,6376.87
139870,61.78,6376.87
139880,61.47,6376.87
139890,61.47,6376.87
139900,61.47,6376.87
139910,61.47,6376.87
139920,61.47,6376.87
139930,61.47,6376.87
139940,61.47,6376.87
139950,61.47,6376.87
139960,61.47,6376.87
139970,61.47,6376.87
139980,61.47,6376.87
139990,61.47,6376.87
140000,61.47,6376.87
140010,61.47,6376.87
140020,61.47,6376.87
140030,61.47,6376.87
140040,61.47,6376.87
140050,61.47,6378.75
140060,61.47,6378.75
140070,61.47,6378.75
140080,61.47,6378.75
140090,61.47,6378.75
140100,61.56,6378.75
140110,61.56,6378.75
140120,61.56,6378.75
140130,61.56,6378.75
140140,61.56,6378.75
140150,61.56,6378.75
140160,61.56,6378.75
140170,61.56,6378.75
140180,61.56,6378.75
140190,61.56,6378.75
140200,61.56,6378.75
140210,61.56,6378.75
140220,61.56,6378.75
140230,61.56,6378.75
140240,61.56,6378.75
140250,61.56,6378.75
140260,61.56,6378.75
140270,61.56,6378.75
140280,61.56,6471.96
140290,61.56,6471.96
140300,61.56,6471.96
140310,61.56,6471.96
140320,61.56,6471.96
140330,61.56,6471.96
140340,61.56,6471.96
140350,61.56,6471.96
140360,61.56,6471.96
140370,61.56,6471.96
140380,61.56,6471.96
140390,61.56,6471.96
140400,61.56,6471.96
140410,61.47,6471.96
140420,61.47,6471.96
140430,61.47,6471.96
140440,61.47,6471.96
140450,61.47,6471.96
140460,61.47,6471.96
140470,61.47,6471.96
140480,61.47,6471.96
140490,61.47,6471.96
140500,61.47,6471.96
140510,61.47,6471.96
140520,61.47,6471.96
140530,61.47,6471.96
140540,61.47,6471.96
140550,61.47,6471.96
140560,61.47,6471.96
140570,61.47,6471.96
140580,61.47,6471.96
140590,61.47,6471.96
140600,61.47,6471.96
140610,61.47,6471.96
140620,61.47,6471.96
140630,61.47,6471.96
140640,61.47,6471.96
140650,61.47,6471.96
140660,61.47,6471.96
140670,61.47,6471.96
140680,61.47,6471.96
140690,61.47,6471.96
140700,61.47,6471.96
140710,61.47,6471.96
140720,61.47,6471.96
140730,61.47,6471.96
140740,61.47,6471.96
140750,61.47,6471.96
140760,61.47,6471.96
140770,61.47,6511.12
140780,61.47,6511.12
140790,61.47,6511.12
140800,61.47,6511.12
140810,61.47,6511.12
140820,61.47,6511.12
140830,61.47,6511.12
140840,61.47,6511.12
140850,61.86,6511.12
140860,61.86,6511.12
140870,61.86,6511.12
140880,61.86,6511.12
140890,61.86,6511.12
140900,61.86,6511.12
140910,61.86,6511.12
140920,61.86,6511.12
140930,61.86,6511.12
140940,61.86,6511.12
140950,61.86,6511.12
140960,61.86,6511.12
140970,61.86,6511.12
140980,61.86,6511.12
140990,61.86,6511.12
141000,61.86,6511.12
141010,61.86,6511.12
141020,61.86,6511.12
141030,61.86,6511.12
141040,61.86,6511.12
141050,61.86,6511.12
141060,61.86,6511.12
141070,61.86,6511.12
141080,61.86,6511.12
141090,61.86,6511.12
141100,61.86,6511.12
141110,61.86,6511.12
141120,61.86,6511.12
141130,61.86,6511.12
141140,61.86,6511.12
141150,61.86,6511.12
141160,61.86,6511.12
141170,62.17,6511.12
141180,62.17,6511.12
141190,62.17,6511.12
141200,62.17,6511.12
141210,62.17,6511.12
141220,62.17,6511.12
141230,62.17,6511.12
141240,62.17,6439.21
141250,62.17,6439.21
141260,62.17,6439.21
141270,62.17,6439.21
141280,62.17,6439.21
141290,62.17,6439.21
141300,62.17,6439.21
141310,62.17,6439.21
141320,62.17,6439.21
141330,62.17,6439.21
141340,62.17,6439.21
141350,62.17,6439.21
141360,62.17,6439.21
141370,62.17,6439.21
141380,62.17,6439.21
141390,62.17,6439.21
141400,62.17,6439.21
141410,62.17,6439.21
141420,62.17,6439.21
141430,62.17,6439.21
141440,62.17,6439.21
141450,62.17,6439.21
141460,62.17,6439.21
141470,62.17,6439.21
141480,62.17,6439.21
141490,62.17,6439.21
141500,62.17,6439.21
141510,62.17,6439.21
141520,62.17,6439.21
141530,62.17,6439.21
141540,62.17,6439.21
141550,62.17,6439.21
141560,62.17,6439.21
141570,62.17,6439.21
141580,62.17,6439.21
141590,62.17,6439.21
141600,62.17,6439.21
141610,62.17,6439.21
141620,62.17,6439.21
141630,62.01,6439.21
141640,62.01,6439.21
141650,62.01,6439.21
141660,62.01,6439.21
141670,62.01,6439.21
141680,62.01,6439.21
141690,62.01,6439.21
141700,62.01,6439.21
141710,62.01,6439.21
141720,62.01,6453.32
141730,62.01,6453.32
141740,62.01,6453.32
141750,62.01,6453.32
141760,62.01,6453.32
141770,62.01,6453.32
141780,62.01,6453.32
141790,62.01,6453.32
141800,62.01,6453.32
141810,62.01,6453.32
141820,62.01,6453.32
141830,62.01,6453.32
141840,62.01,6453.32
141850,62.01,6453.32
141860,62.01,6453.32
141870,62.01,6453.32
141880,62.01,6453.32
141890,62.01,6453.32
141900,62.01,6453.32
141910,62.01,6453.32
141920,62.01,6453.32
141930,62.01,6453.32
141940,62.01,6453.32
141950,62.01,6453.32
141960,62.01,6453.32
141970,62.01,6453.32
141980,62.01,6453.32
141990,61.8,6453.32
142000,61.8,6453.32
142010,61.8,6453.32
142020,61.8,6453.32
142030,61.8,6453.32
142040,61.8,6453.32
142050,61.8,6453.32
142060,61.8,6453.32
142070,61.8,6453.32
142080,61.8,6453.32
142090,61.8,6453.32
142100,61.8,6453.32
142110,61.8,6453.32
142120,61.8,6453.32
142130,61.8,6453.32
142140,61.8,6437.21
142150,61.8,6437.21
142160,61.8,6437.21
142170,61.8,6437.21
142180,61.8,6437.21
142190,61.8,6437.21
142200,61.8,6437.21
142210,61.8,6437.21
142220,61.8,6437.21
142230,61.8,6437.21
142240,61.8,6437.21
142250,61.8,6437.21
142260,61.8,6437.21
142270,61.8,6437.21
142280,61.8,6437.21
142290,62.07,6437.21
142300,62.07,6437.21
142310,62.07,6437.21
142320,62.07,6437.21
142330,62.07,6437.21
142340,62.07,6437.21
142350,62.07,6437.21
142360,62.07,6437.21
142370,62.07,6437.21
142380,62.07,6437.21
142390,62.07,6437.21
142400,62.07,6437.21
142410,62.07,6437.21
142420,62.07,6437.21
142430,62.07,6437.21
142440,62.07,6437.21
142450,62.07,6437.21
142460,62.07,6437.21
142470,62.07,6437.21
142480,62.07,6437.21
142490,62.07,6437.21
142500,62.07,6437.21
142510,62.07,6437.21
142520,62.07,6437.21
142530,62.07,6437.21
142540,62.07,6376.87
142550,62.07,6376.87
142560,62.55,6376.87
142570,62.55,6376.87
142580,62.55,6376.87
142590,62.55,6376.87
142600,62.55,6376.87
142610,62.55,6376.87
142620,62.55,6376.87
142630,62.55,6376.87
142640,62.55,6376.87
142650,62.55,6376.87
142660,62.55,6376.87
142670,62.55,6376.87
142680,62.55,6376.87
142690,62.55,6376.87
142700,62.55,6376.87
142710,62.55,6376.87
142720,62.55,6376.87
142730,62.55,6376.87
142740,62.55,6376.87
142750,62.55,6376.87
142760,62.55,6376.87
142770,62.55,6376.87
142780,62.55,6376.87
142790,62.55,6376.87
142800,62.55,6376.87
142810,62.55,6376.87
142820,62.55,6376.87
142830,62.55,6376.87
142840,63.03,6376.87
142850,63.03,6376.87
142860,63.03,6376.87
142870,63.03,6376.87
142880,63.03,6376.87
142890,63.03,6376.87
142900,63.03,6376.87
142910,63.03,6376.87
142920,63.03,6376.87
142930,63.03,6376.87
142940,63.03,6376.87
142950,63.03,6376.87
142960,63.03,6376.87
142970,63.03,6376.87
142980,63.03,6376.87
142990,63.03,6376.87
143000,63.03,6376.87
143010,63.03,6376.87
143020,63.03,6376.87
143030,63.03,6376.87
143040,63.03,6376.87
143050,63.03,6376.87
143060,63.03,6376.87
143070,63.03,6376.87
143080,63.03,6376.87
143090,63.03,6376.87
143100,63.03,6376.87
143110,63.03,6376.87
143120,63.03,6376.87
143130,63.03,6376.87
143140,63.03,6376.87
143150,63.03,6376.87
143160,63.03,6376.87
143170,63.03,6376.87
143180,63.03,6376.87
143190,63.03,6376.87
143200,63.03,6376.87
143210,63.03,6376.87
143220,63.03,6376.87
143230,63.03,6480.55
143240,63.03,6480.55
143250,63.03,6480.55
143260,63.03,6480.55
143270,63.03,6480.55
143280,63.03,6480.55
143290,63.03,6480.55
143300,63.03,6480.55
143310,63.03,6480.55
143320,63.03,6480.55
143330,63.48,6480.55
143340,63.48,6480.55
143350,63.48,6480.55
143360,63.48,6480.55
143370,63.48,6480.55
143380,63.48,6480.55
143390,63.48,6480.55
143400,63.48,6480.55
143410,63.48,6480.55
143420,63.48,6480.55
143430,63.48,6480.55
143440,63.48,6490.79
143450,63.48,6490.79
143460,63.48,6490.79
143470,63.48,6490.79
143480,63.48,6490.79
143490,63.48,6490.79
143500,63.48,6490.79
143510,63.48,6490.79
143520,63.48,6490.79
143530,63.48,6490.79
143540,63.48,6490.79
143550,63.48,6490.79
143560,63.48,6490.79
143570,63.48,6490.79
143580,63.48,6490.79
143590,63.48,6490.79
143600,63.05,6490.79
143610,63.05,6490.79
143620,63.05,6490.79
143630,63.05,6490.79
143640,63.05,6473.55
143650,63.05,6473.55
143660,63.05,6473.55
143670,63.05,6473.55
143680,63.05,6473.55
143690,63.05,6473.55
143700,63.05,6473.55
143710,63.05,6473.55
143720,63.05,6473.55
143730,63.05,6473.55
143740,63.05,6473.55
143750,63.05,6473.55
143760,63.05,6473.55
143770,63.05,6473.55
143780,63.05,6473.55
143790,63.05,6473.55
143800,63.05,6473.55
143810,63.05,6473.55
143820,63.05,6473.55
143830,63.05,6473.55
143840,63.05,6473.55
143850,63.05,6473.55
143860,63.05,6473.55
143870,63.05,6473.55
143880,63.05,6473.55
143890,63.05,6473.55
143900,63.05,6473.55
143910,63.05,6597.38
143920,63.05,6597.38
143930,63.05,6597.38
143940,63.05,6597.38
143950,63.05,6597.38
143960,63.05,6597.38
143970,63.05,6597.38
143980,63.05,6597.38
143990,63.05,6597.38
144000,63.05,6597.38
144010,63.05,6597.38
144020,63.05,6597.38
144030,63.05,6597.38
144040,63.05,6597.38
144050,63.05,6597.38
144060,62.55,6597.38
144070,62.55,6597.38
144080,62.55,6597.38
144090,62.55,6597.38
144100,62.55,6597.38
144110,62.55,6597.38
144120,62.55,6597.38
144130,62.55,6597.38
144140,62.55,6597.38
144150,62.55,6597.38
144160,62.55,6597.38
144170,62.55,6597.38
144180,62.55,6597.38
144190,62.55,6597.38
144200,62.55,6710.29
144210,62.55,6710.29
144220,62.55,6710.29
144230,62.55,6710.29
144240,62.55,6710.29
144250,62.55,6710.29
144260,62.55,6710.29
144270,62.55,6710.29
144280,62.55,6710.29
144290,62.55,6710.29
144300,62.55,6710.29
144310,62.55,6710.29
144320,62.55,6710.29
144330,62.55,6710.29
144340,62.55,6710.29
144350,62.55,6710.29
144360,62.55,6710.29
144370,62.86,6710.29
144380,62.86,6710.29
144390,62.86,6710.29
144400,62.86,6710.29
144410,62.86,6824.66
144420,62.86,6824.66
144430,62.86,6824.66
144440,62.86,6824.66
144450,62.86,6824.66
144460,62.86,6824.66
144470,62.86,6824.66
144480,62.86,6824.66
144490,62.86,6824.66
144500,62.86,6824.66
144510,62.86,6824.66
144520,62.86,6824.66
144530,62.86,6824.66
144540,62.86,6824.66
144550,62.86,6824.66
144560,62.86,6824.66
144570,62.86,6824.66
144580,62.86,6824.66
144590,62.86,6824.66
144600,62.86,6824.66
144610,62.86,6824.66
144620,62.86,6824.66
144630,62.86,6824.66
144640,62.86,6824.66
144650,62.86,6824.66
144660,62.86,6824.66
144670,62.86,6747.58
144680,62.86,6747.58
144690,62.86,6747.58
144700,62.86,6747.58
144710,62.86,6747.58
144720,62.86,6747.58
144730,62.86,6747.58
144740,62.86,6747.58
144750,62.86,6747.58
144760,62.86,6747.58
144770,62.86,6747.58
144780,62.86,6747.58
144790,62.86,6747.58
144800,62.86,6747.58
144810,62.86,6747.58
144820,62.86,6747.58
144830,62.86,6747.58
144840,62.86,6747.58
144850,62.86,6747.58
144860,62.86,6747.58
144870,62.86,6747.58
144880,62.86,6747.58
144890,62.86,6747.58
144900,62.86,6747.58
144910,62.86,6747.58
144920,62.86,6747.58
144930,62.86,6747.58
144940,62.86,6747.58
144950,62.67,6747.58
144960,62.67,6747.58
144970,62.67,6747.58
144980,62.67,6747.58
144990,62.67,6818.63
145000,62.67,6818.63
145010,62.67,6818.63
145020,62.67,6818.63
145030,62.67,6818.63
145040,62.67,6818.63
145050,62.67,6818.63
145060,62.67,6818.63
145070,62.67,6818.63
145080,62.67,6818.63
145090,62.67,6818.63
145100,62.67,6818.63
145110,62.67,6818.63
145120,62.67,6818.63
145130,62.67,6818.63
145140,62.67,6818.63
145150,62.67,6818.63
145160,62.67,6818.63
145170,62.67,6818.63
145180,62.67,6818.63
145190,62.67,6818.63
145200,62.67,6818.63
145210,62.67,6818.63
145220,62.67,6818.63
145230,62.67,6818.63
145240,62.67,6818.63
145250,62.67,6818.63
145260,62.67,6818.63
145270,62.67,6818.63
145280,62.67,6818.63
145290,62.67,6818.63
145300,62.67,6818.63
145310,62.67,6818.63
145320,62.67,6818.63
145330,62.67,6818.63
145340,62.67,6818.63
145350,62.67,6818.63
145360,62.67,6818.63
145370,62.67,6818.63
145380,62.67,6818.63
145390,62.67,6818.63
145400,62.71,6818.63
145410,62.71,6942.76
145420,62.71,6942.76
145430,62.71,6942.76
145440,62.71,6942.76
145450,62.71,6942.76
145460,62.71,6942.76
145470,62.71,6942.76
145480,62.71,6942.76
145490,62.71,6942.76
145500,62.71,6942.76
145510,62.71,6942.76
145520,62.71,6942.76
145530,62.71,6942.76
145540,62.71,6942.76
145550,62.71,6942.76
145560,62.71,6942.76
145570,62.71,6942.76
145580,62.71,6942.76
145590,62.71,6942.76
145600,62.71,6942.76
145610,62.71,6942.76
145620,62.71,6942.76
145630,62.71,6942.76
145640,62.71,6942.76
145650,62.71,6942.76
145660,62.71,6942.76
145670,62.71,6942.76
145680,62.71,6942.76
145690,62.71,6942.76
145700,62.71,6942.76
145710,62.71,6942.76
145720,62.71,7045.86
145730,63.05,7045.86
145740,63.05,7045.86
145750,63.05,7045.86
145760,63.05,7045.86
145770,63.05,7045.86
145780,63.05,7045.86
145790,63.05,7045.86
145800,63.05,7045.86
145810,63.05,7045.86
145820,63.05,7045.86
145830,63.05,7045.86
145840,63.05,7045.86
145850,63.05,7045.86
145860,63.05,7045.86
145870,63.05,7045.86
145880,63.05,7045.86
145890,63.05,7045.86
145900,63.05,7045.86
145910,63.05,7045.86
145920,63.05,7045.86
145930,63.05,7045.86
145940,63.05,7045.86
145950,63.05,7045.86
145960,63.05,7045.86
145970,63.05,7045.86
145980,63.05,7045.86
145990,63.05,7045.86
146000,63.05,7033.81
146010,63.05,7033.81
146020,63.05,7033.81
146030,63.05,7033.81
146040,63.05,7033.81
146050,63.05,7033.81
146060,63.05,7033.81
146070,63.05,7033.81
146080,63.05,7033.81
146090,63.05,7033.81
146100,63.57,7033.81
146110,63.57,7033.81
146120,63.57,7033.81
146130,63.57,7033.81
146140,63.57,7033.81
146150,63.57,7033.81
146160,63.57,7033.81
146170,63.57,7033.81
146180,63.57,7033.81
146190,63.57,7033.81
146200,63.57,7033.81
146210,63.57,7033.81
146220,63.57,7033.81
146230,63.57,7033.81
146240,63.57,7008.39
146250,63.57,7008.39
146260,63.57,7008.39
146270,63.57,7008.39
146280,63.57,7008.39
146290,63.57,7008.39
146300,63.57,7008.39
146310,63.57,7008.39
146320,63.57,7008.39
146330,63.57,7008.39
146340,63.57,7008.39
146350,63.57,7008.39
146360,63.57,7008.39
146370,63.57,7008.39
146380,63.6,7008.39
146390,63.6,7008.39
146400,63.6,7008.39
146410,63.6,7008.39
146420,63.6,7008.39
146430,63.6,7008.39
146440,63.6,7008.39
146450,63.6,7008.39
146460,63.6,7008.39
146470,63.6,7008.39
146480,63.6,7008.39
146490,63.6,7008.39
146500,63.6,7008.39
146510,63.6,7008.39
146520,63.6,7008.39
146530,63.6,7088.08
146540,63.6,7088.08
146550,63.6,7088.08
146560,63.6,7088.08
146570,63.6,7088.08
146580,63.6,7088.08
146590,63.6,7088.08
146600,63.6,7088.08
146610,63.6,7088.08
146620,63.6,7088.08
146630,63.6,7088.08
146640,63.6,7088.08
146650,63.6,7088.08
146660,63.6,7088.08
146670,63.6,7088.08
146680,63.6,7088.08
146690,63.6,7088.08
146700,63.6,7088.08
146710,63.6,7088.08
146720,63.6,7088.08
146730,63.6,7088.08
146740,63.6,7088.08
146750,63.6,7088.08
146760,63.66,7088.08
146770,63.66,7088.08
146780,63.66,7088.08
146790,63.66,7088.08
146800,63.66,7088.08
146810,63.66,7088.08
146820,63.66,7088.08
146830,63.66,7088.08
146840,63.66,7088.08
146850,63.66,7088.08
146860,63.66,7088.08
146870,63.66,7088.08
146880,63.66,7088.08
146890,63.66,7088.08
146900,63.66,7088.08
146910,63.66,7088.08
146920,63.66,7088.08
146930,63.66,7088.08
146940,63.66,7088.08
146950,63.66,7222.09
146960,63.66,7222.09
146970,63.66,7222.09
146980,63.66,7222.09
146990,63.66,7222.09
147000,63.66,7222.09
147010,63.66,7222.09
147020,63.66,7222.09
147030,63.66,7222.09
147040,63.66,7222.09
147050,63.66,7222.09
147060,63.66,7222.09
147070,63.66,7222.09
147080,63.66,7222.09
147090,63.66,7222.09
147100,63.66,7222.09
147110,63.38,7222.09
147120,63.38,7222.09
147130,63.38,7222.09
147140,63.38,7222.09
147150,63.38,7222.09
147160,63.38,7222.09
147170,63.38,7064.63
147180,63.38,7064.63
147190,63.38,7064.63
147200,63.38,7064.63
147210,63.38,7064.63
147220,63.38,7064.63
147230,63.38,7064.63
147240,63.38,7064.63
147250,63.38,7064.63
147260,63.38,7064.63
147270,63.38,7064.63
147280,63.38,7064.63
147290,63.38,7064.63
147300,63.38,7064.63
147310,63.38,7064.63
147320,63.38,7064.63
147330,63.38,7064.63
147340,63.38,7064.63
147350,63.38,7064.63
147360,63.38,7064.63
147370,63.38,7064.63
147380,63.38,7064.63
147390,63.38,7064.63
147400,63.38,7064.63
147410,63.38,7064.63
147420,63.38,7064.63
147430,63.38,7064.63
147440,63.38,7064.63
147450,63.38,7064.63
147460,63.38,7064.63
147470,63.38,7064.63
147480,62.92,7064.63
147490,62.92,7064.63
147500,62.92,7064.63
147510,62.92,7064.63
147520,62.92,7064.63
147530,62.92,7064.63
147540,62.92,7064.63
147550,62.92,7064.63
147560,62.92,7064.63
147570,62.92,7064.63
147580,62.92,7064.63
147590,62.92,7064.63
147600,62.92,7064.63
147610,62.92,7064.63
147620,62.92,7064.63
147630,62.92,7064.63
147640,62.92,7064.63
147650,62.92,7064.63
147660,62.92,7168.45
147670,62.92,7168.45
147680,62.92,7168.45
147690,62.92,7168.45
147700,62.92,7168.45
147710,62.92,7168.45
147720,62.92,7168.45
147730,62.92,7168.45
147740,62.92,7168.45
147750,62.92,7168.45
147760,62.92,7168.45
147770,63.25,7168.45
147780,63.25,7168.45
147790,63.25,7168.45
147800,63.25,7168.45
147810,63.25,7168.45
147820,63.25,7168.45
147830,63.25,7168.45
147840,63.25,7168.45
147850,63.25,7168.45
147860,63.25,7168.45
147870,63.25,7168.45
147880,63.25,7168.45
147890,63.25,7168.45
147900,63.25,7168.45
147910,63.25,7168.45
147920,63.25,7168.45
147930,63.25,7168.45
147940,63.25,7168.45
147950,63.25,7168.45
147960,63.25,7168.45
147970,63.25,7168.45
147980,63.25,7168.45
147990,63.25,7168.45
148000,63.25,7168.45
148010,63.25,7168.45
148020,63.25,7168.45
148030,63.25,7168.45
148040,63.25,7168.45
148050,63.25,7168.45
148060,63.25,7168.45
148070,63.25,7242.75
148080,63.25,7242.75
148090,63.25,7242.75
148100,63.25,7242.75
148110,63.25,7242.75
148120,63.16,7242.75
148130,63.16,7242.75
148140,63.16,7242.75
148150,63.16,7242.75
148160,63.16,7242.75
148170,63.16,7242.75
148180,63.16,7242.75
148190,63.16,7242.75
148200,63.16,7242.75
148210,63.16,7242.75
148220,63.16,7242.75
148230,63.16,7242.75
148240,63.16,7242.75
148250,63.16,7242.75
148260,63.16,7242.75
148270,63.16,7242.75
148280,63.16,7242.75
148290,63.16,7242.75
148300,63.16,7242.75
148310,63.16,7242.75
148320,63.16,7242.75
148330,63.16,7242.75
148340,63.16,7242.75
148350,63.16,7242.75
148360,63.16,7242.75
148370,63.16,7306.53
148380,63.16,7306.53
148390,63.16,7306.53
148400,63.16,7306.53
148410,63.16,7306.53
148420,63.16,7306.53
148430,63.16,7306.53
148440,63.16,7306.53
148450,63.16,7306.53
148460,63.16,7306.53
148470,63.16,7306.53
148480,63.16,7306.53
148490,63.16,7306.53
148500,63.16,7306.53
148510,63.16,7306.53
148520,63.16,7306.53
148530,63.16,7306.53
148540,63.16,7306.53
148550,63.16,7306.53
148560,63.16,7306.53
148570,63.42,7306.53
148580,63.42,7306.53
148590,63.42,7306.53
148600,63.42,7306.53
148610,63.42,7306.53
148620,63.42,7306.53
148630,63.42,7306.53
148640,63.42,7306.53
148650,63.42,7254.26
148660,63.42,7254.26
148670,63.42,7254.26
148680,63.42,7254.26
148690,63.42,7254.26
148700,63.42,7254.26
148710,63.42,7254.26
148720,63.42,7254.26
148730,63.42,7254.26
148740,63.42,7254.26
148750,63.42,7254.26
148760,63.42,7254.26
148770,63.42,7254.26
148780,63.42,7254.26
148790,63.42,7254.26
148800,63.42,7254.26
148810,63.07,7254.26
148820,63.07,7254.26
148830,63.07,7254.26
148840,63.07,7254.26
148850,63.07,7254.26
148860,63.07,7254.26
148870,63.07,7254.26
148880,63.07,7254.26
148890,63.07,7254.26
148900,63.07,7254.26
148910,63.07,7254.26
148920,63.07,7254.26
148930,63.07,7254.26
148940,63.07,7254.26
148950,63.07,7254.26
148960,63.07,7254.26
148970,63.07,7254.26
148980,63.07,7254.26
148990,63.07,7254.26
149000,63.07,7254.26
149010,63.07,7254.26
149020,63.07,7254.26
149030,63.07,7254.26
149040,63.07,7254.26
149050,63.07,7254.26
149060,63.07,7254.26
149070,63.07,7254.26
149080,63.07,7254.26
149090,63.07,7254.26
149100,63.07,7254.26
149110,63.07,7254.26
149120,63.07,7351.7
149130,63.07,7351.7
149140,63.07,7351.7
149150,63.07,7351.7
149160,63.07,7351.7
149170,63.07,7351.7
149180,63.07,7351.7
149190,63.07,7351.7
149200,63.07,7351.7
149210,63.07,7351.7
149220,63.07,7351.7
149230,63.48,7351.7
149240,63.48,7351.7
149250,63.48,7351.7
149260,63.48,7351.7
149270,63.48,7351.7
149280,63.48,7351.7
149290,63.48,7351.7
149300,63.48,7351.7
149310,63.48,7351.7
149320,63.48,7351.7
149330,63.48,7351.7
149340,63.48,7351.7
149350,63.48,7351.7
149360,63.48,7273.14
149370,63.48,7273.14
149380,63.48,7273.14
149390,63.48,7273.14
149400,63.48,7273.14
149410,63.48,7273.14
149420,63.48,7273.14
149430,63.48,7273.14
149440,63.48,7273.14
149450,63.48,7273.14
149460,63.48,7273.14
149470,63.48,7273.14
149480,63.48,7273.14
149490,63.48,7273.14
149500,63.48,7273.14
149510,63.48,7273.14
149520,63.79,7273.14
149530,63.79,7273.14
149540,63.79,7273.14
149550,63.79,7273.14
149560,63.79,7273.14
149570,63.79,7273.14
149580,63.79,7273.14
149590,63.79,7273.14
149600,63.79,7273.14
149610,63.79,7273.14
149620,63.79,7273.14
149630,63.79,7273.14
149640,63.79,7273.14
149650,63.79,7273.14
149660,63.79,7273.14
149670,63.79,7273.14
149680,63.79,7273.14
149690,63.79,7273.14
149700,63.79,7273.14
149710,63.79,7273.14
149720,63.79,7273.14
149730,63.79,7273.14
149740,63.79,7273.14
149750,63.84,7273.14
149760,63.84,7273.14
149770,63.84,7133.44
149780,63.84,7133.44
149790,63.84,7133.44
149800,63.84,7133.44
149810,63.84,7133.44
149820,63.84,7133.44
149830,63.84,7133.44
149840,63.84,7133.44
149850,63.84,7133.44
149860,63.84,7133.44
149870,63.84,7133.44
149880,63.84,7133.44
149890,63.84,7133.44
149900,63.84,7133.44
149910,63.84,7133.44
149920,63.84,7133.44
149930,63.84,7133.44
149940,63.84,7133.44
149950,63.84,7133.44
149960,63.84,7133.44
149970,63.84,7133.44
149980,63.84,7133.44
149990,63.84,7133.44
150000,63.84,7133.44
150010,63.84,7133.44
150020,63.84,7133.44
150030,63.84,7133.44
150040,63.84,7133.44
150050,63.84,7133.44
150060,63.84,7133.44
150070,63.84,7133.44
150080,63.84,7133.44
150090,63.84,7133.44
150100,63.84,7133.44
150110,63.84,7133.44
150120,63.84,7133.44
150130,63.84,7133.44
150140,63.84,7133.44
150150,63.84,7133.44
150160,63.84,7133.44
150170,63.84,7133.44
150180,63.84,7133.44
150190,63.84,7133.44
150200,63.84,7133.44
150210,63.84,7133.44
150220,63.84,7133.44
150230,63.84,7133.44
150240,63.84,7133.44
150250,63.84,7133.44
150260,63.84,7133.44
150270,63.84,7133.44
150280,63.84,7133.44
150290,63.84,7133.44
150300,63.84,7133.44
150310,63.84,7133.44
150320,63.84,7133.44
150330,63.84,7133.44
150340,63.84,7133.44
150350,63.84,7133.44
150360,63.84,7133.44
150370,63.84,7133.44
150380,63.84,7133.44
150390,63.84,7133.44
150400,63.84,7133.44
150410,63.84,7133.44
150420,63.84,7133.44
150430,63.84,7133.44
150440,63.84,7133.44
150450,63.84,7133.44
150460,63.84,7133.44
150470,63.84,7133.44
150480,63.84,7133.44
150490,63.84,7133.44
150500,63.84,7133.44
150510,63.84,7133.44
150520,63.84,7133.44
150530,63.84,7133.44
150540,63.84,7133.44
150550,63.84,7133.44
150560,63.84,7133.44
150570,63.84,7133.44
150580,63.84,7133.44
150590,63.84,7133.44
150600,64.14,7133.44
150610,64.14,7133.44
150620,64.14,7133.44
150630,64.14,7133.44
150640,64.14,7133.44
150650,64.14,7133.44
150660,64.14,7133.44
150670,64.14,7133.44
150680,64.14,7133.44
150690,64.14,7145.58
150700,64.14,7145.58
150710,64.14,7145.58
150720,64.14,7145.58
150730,64.14,7145.58
150740,64.14,7145.58
150750,64.14,7145.58
150760,64.14,7145.58
150770,64.14,7145.58
150780,64.14,7145.58
150790,64.14,7145.58
150800,64.14,7145.58
150810,64.14,7145.58
150820,64.14,7145.58
150830,64.14,7145.58
150840,64.14,7145.58
150850,64.14,7145.58
150860,64.14,7145.58
150870,64.14,7145.58
150880,64.14,7145.58
150890,64.14,7145.58
150900,64.14,7145.58
150910,64.14,7145.58
150920,64.14,7145.58
150930,63.87,7145.58
150940,63.87,7145.58
150950,63.87,7145.58
150960,63.87,7145.58
150970,63.87,7145.58
150980,63.87,7145.58
150990,63.87,7145.58
151000,63.87,7145.58
151010,63.87,7145.58
151020,63.87,7145.58
151030,63.87,7145.58
151040,63.87,7145.58
151050,63.87,7145.58
151060,63.87,7145.58
151070,63.87,7165.26
151080,63.87,7165.26
151090,63.87,7165.26
151100,63.87,7165.26
151110,63.87,7165.26
151120,63.87,7165.26
151130,63.87,7165.26
151140,63.87,7165.26
151150,64.02,7165.26
151160,64.02,7165.26
151170,64.02,7165.26
151180,64.02,7165.26
151190,64.02,7165.26
151200,64.02,7165.26
151210,64.02,7165.26
151220,64.02,7165.26
151230,64.02,7165.26
151240,64.02,7165.26
151250,64.02,7165.26
151260,64.02,7165.26
151270,64.02,7165.26
151280,64.02,7165.26
151290,64.02,7165.26
151300,64.02,7165.26
151310,64.02,7165.26
151320,64.02,7165.26
151330,64.02,7165.26
151340,64.02,7165.26
151350,64.19,7165.26
151360,64.19,7165.26
151370,64.19,7165.26
151380,64.19,7165.26
151390,64.19,7165.26
151400,64.19,7133.44
151410,64.19,7133.44
151420,64.19,7133.44
151430,64.19,7133.44
151440,64.19,7133.44
151450,64.19,7133.44
151460,64.19,7133.44
151470,64.19,7133.44
151480,64.19,7133.44
151490,64.19,7133.44
151500,64.19,7133.44
151510,64.19,7133.44
151520,64.19,7133.44
151530,64.19,7133.44
151540,64.19,7133.44
151550,64.19,7133.44
151560,64.19,7133.44
151570,64.19,7133.44
151580,64.19,7133.44
151590,64.19,7133.44
151600,64.19,7133.44
151610,64.19,7133.44
151620,64.19,7133.44
151630,64.19,7133.44
151640,64.19,7133.44
151650,64.19,7133.44
151660,64.19,7133.44
151670,64.19,7133.44
151680,64.19,7133.44
151690,64.19,7133.44
151700,64.19,7133.44
151710,64.19,7133.44
151720,64.19,7133.44
151730,64.43,7133.44
151740,64.43,7133.44
151750,64.43,7133.44
151760,64.43,7133.44
151770,64.43,7133.44
151780,64.43,7133.44
151790,64.43,7133.44
151800,64.43,7133.44
151810,64.43,7133.44
151820,64.43,7133.44
151830,64.43,7133.44
151840,64.43,7133.44
151850,64.43,7133.44
151860,64.43,7133.44
151870,64.43,7133.44
151880,64.43,7133.44
151890,64.43,7133.44
151900,64.43,7133.44
151910,64.43,7133.44
151920,64.43,7133.44
151930,64.43,7133.44
151940,64.43,7133.44
151950,64.43,7133.44
151960,64.43,7133.44
151970,64.43,7133.44
151980,64.43,7133.44
151990,64.43,7133.44
152000,64.43,7133.44
152010,64.43,7133.44
152020,64.43,7133.44
152030,64.43,7133.44
152040,64.43,7133.44
152050,64.43,7133.44
152060,64.43,7133.44
152070,64.21,7133.44
152080,64.21,7133.44
152090,64.21,7133.44
152100,64.21,7133.44
152110,64.21,7133.44
152120,64.21,7133.44
152130,64.21,7133.44
152140,64.21,7133.44
152150,64.21,7133.44
152160,64.21,7133.44
152170,64.21,7133.44
152180,64.21,7133.44
152190,64.21,7133.44
152200,64.21,7133.44
152210,64.21,7133.44
152220,64.21,7133.44
152230,64.21,7133.44
152240,64.21,7133.44
152250,64.21,7133.44
152260,64.21,7133.44
152270,64.21,7133.44
152280,64.21,7133.44
152290,64.21,7133.44
152300,64.21,7133.44
152310,64.21,7133.44
152320,64.21,7133.44
152330,64.21,7133.44
152340,64.21,7133.44
152350,64.21,7133.44
152360,64.21,7133.44
152370,64.21,7273.77
152380,64.64,7273.77
152390,64.64,7273.77
152400,64.64,7273.77
152410,64.64,7273.77
152420,64.64,7273.77
152430,64.64,7273.77
152440,64.64,7273.77
152450,64.64,7273.77
152460,64.64,7273.77
152470,64.64,7273.77
152480,64.64,7273.77
152490,64.64,7273.77
152500,64.64,7273.77
152510,64.64,7273.77
152520,64.64,7273.77
152530,64.64,7273.77
152540,64.64,7273.77
152550,64.64,7273.77
152560,64.64,7273.77
152570,64.64,7273.77
152580,64.64,7273.77
152590,64.64,7273.77
152600,64.64,7273.77
152610,64.64,7273.77
152620,64.64,7273.77
152630,64.64,7273.77
152640,64.64,7273.77
152650,64.64,7273.77
152660,64.64,7273.77
152670,64.64,7273.77
152680,64.64,7273.77
152690,64.64,7273.77
152700,64.64,7273.77
152710,64.64,7273.77
152720,64.88,7273.77
152730,64.88,7273.77
152740,64.88,7273.77
152750,64.88,7273.77
152760,64.88,7273.77
152770,64.88,7273.77
152780,64.88,7273.77
152790,64.88,7273.77
152800,64.88,7273.77
152810,64.88,7273.77
152820,64.88,7273.77
152830,64.88,7273.77
152840,64.88,7273.77
152850,64.88,7273.77
152860,64.88,7315.3
152870,64.88,7315.3
152880,64.88,7315.3
152890,64.88,7315.3
152900,64.88,7315.3
152910,64.88,7315.3
152920,64.88,7315.3
152930,64.88,7315.3
152940,64.88,7315.3
152950,64.88,7315.3
152960,64.88,7315.3
152970,64.88,7315.3
152980,64.88,7315.3
152990,64.88,7315.3
153000,64.88,7315.3
153010,64.88,7315.3
153020,64.88,7315.3
153030,64.88,7315.3
153040,64.88,7315.3
153050,64.88,7315.3
153060,64.88,7315.3
153070,64.88,7315.3
153080,64.88,7315.3
153090,64.88,7315.3
153100,64.88,7315.3
153110,64.88,7315.3
153120,64.88,7315.3
153130,64.88,7315.3
153140,64.88,7315.3
153150,64.88,7315.3
153160,65.21,7315.3
153170,65.21,7315.3
153180,65.21,7315.3
153190,65.21,7315.3
153200,65.21,7301.16
153210,65.21,7301.16
153220,65.21,7301.16
153230,65.21,7301.16
153240,65.21,7301.16
153250,65.21,7301.16
153260,65.21,7301.16
153270,65.21,7301.16
153280,65.21,7301.16
153290,65.21,7301.16
153300,65.21,7301.16
153310,65.21,7301.16
153320,65.21,7301.16
153330,65.21,7301.16
153340,65.21,7301.16
153350,65.21,7301.16
153360,65.21,7301.16
153370,65.21,7301.16
153380,65.21,7301.16
153390,65.21,7301.16
153400,65.21,7301.16
153410,65.21,7301.16
153420,65.21,7301.16
153430,65.21,7301.16
153440,65.21,7301.16
153450,65.21,7301.16
153460,65.21,7301.16
153470,64.97,7301.16
153480,64.97,7301.16
153490,64.97,7301.16
153500,64.97,7301.16
153510,64.97,7301.16
153520,64.97,7317.16
153530,64.97,7317.16
153540,64.97,7317.16
153550,64.97,7317.16
153560,64.97,7317.16
153570,64.97,7317.16
153580,64.97,7317.16
153590,64.97,7317.16
153600,64.97,7317.16
153610,64.97,7317.16
153620,64.97,7317.16
153630,64.97,7317.16
153640,64.97,7317.16
153650,64.97,7317.16
153660,64.97,7317.16
153670,64.97,7317.16
153680,64.97,7317.16
153690,64.97,7317.16
153700,64.97,7317.16
153710,64.97,7317.16
153720,64.97,7317.16
153730,64.97,7317.16
153740,64.97,7317.16
153750,64.97,7317.16
153760,64.78,7317.16
153770,64.78,7317.16
153780,64.78,7317.16
153790,64.78,7317.16
153800,64.78,7317.16
153810,64.78,7317.16
153820,64.78,7317.16
153830,64.78,7317.16
153840,64.78,7317.16
153850,64.78,7317.16
153860,64.78,7317.16
153870,64.78,7317.16
153880,64.78,7317.16
153890,64.78,7317.16
153900,64.78,7317.16
153910,64.78,7317.16
153920,64.78,7317.16
153930,64.78,7317.16
153940,64.78,7317.16
153950,64.78,7317.16
153960,64.78,7317.16
153970,64.78,7317.16
153980,64.78,7317.16
153990,64.78,7302.91
154000,64.78,7302.91
154010,64.78,7302.91
154020,64.78,7302.91
154030,64.78,7302.91
154040,64.78,7302.91
154050,64.78,7302.91
154060,64.78,7302.91
154070,64.78,7302.91
154080,64.78,7302.91
154090,64.78,7302.91
154100,64.78,7302.91
154110,64.78,7302.91
154120,65.04,7302.91
154130,65.04,7302.91
154140,65.04,7302.91
154150,65.04,7302.91
154160,65.04,7302.91
154170,65.04,7302.91
154180,65.04,7302.91
154190,65.04,7302.91
154200,65.04,7302.91
154210,65.04,7302.91
154220,65.04,7302.91
154230,65.04,7302.91
154240,65.04,7302.91
154250,65.04,7302.91
154260,65.04,7461.61
154270,65.04,7461.61
154280,65.04,7461.61
154290,65.04,7461.61
154300,65.04,7461.61
154310,65.04,7461.61
154320,65.04,7461.61
154330,65.04,7461.61
154340,65.04,7461.61
154350,65.04,7461.61
154360,65.04,7461.61
154370,64.87,7461.61
154380,64.87,7461.61
154390,64.87,7461.61
154400,64.87,7461.61
154410,64.87,7461.61
154420,64.87,7461.61
154430,64.87,7461.61
154440,64.87,7461.61
154450,64.87,7461.61
154460,64.87,7461.61
154470,64.87,7461.61
154480,64.87,7461.61
154490,64.87,7461.61
154500,64.87,7461.61
154510,64.87,7461.61
154520,64.87,7461.61
154530,64.87,7461.61
154540,64.87,7461.61
154550,64.87,7461.61
154560,64.87,7461.61
154570,64.87,7461.61
154580,64.87,7461.61
154590,64.87,7461.61
154600,64.87,7461.61
154610,64.87,7461.61
154620,64.87,7461.61
154630,64.87,7542.72
154640,64.87,7542.72
154650,64.87,7542.72
154660,64.87,7542.72
154670,64.87,7542.72
154680,64.87,7542.72
154690,64.87,7542.72
154700,64.87,7542.72
154710,64.75,7542.72
154720,64.75,7542.72
154730,64.75,7542.72
154740,64.75,7542.72
154750,64.75,7542.72
154760,64.75,7542.72
154770,64.75,7542.72
154780,64.75,7542.72
154790,64.75,7542.72
154800,64.75,7542.72
154810,64.75,7542.72
154820,64.75,7542.72
154830,64.75,7542.72
154840,64.75,7542.72
154850,64.75,7542.72
154860,64.75,7454.42
154870,64.75,7454.42
154880,64.75,7454.42
154890,64.75,7454.42
154900,64.75,7454.42
154910,64.75,7454.42
154920,64.75,7454.42
154930,64.75,7454.42
154940,64.75,7454.42
154950,64.75,7454.42
154960,64.75,7454.42
154970,64.75,7454.42
154980,64.75,7454.42
154990,64.75,7454.42
155000,64.75,7454.42
155010,64.75,7454.42
155020,64.75,7454.42
155030,64.75,7454.42
155040,64.75,7454.42
155050,64.75,7454.42
155060,64.75,7454.42
155070,64.75,7454.42
155080,64.75,7454.42
155090,64.75,7454.42
155100,64.75,7454.42
155110,64.75,7454.42
155120,64.75,7454.42
155130,64.75,7454.42
155140,64.54,7578.66
155150,64.54,7578.66
155160,64.54,7578.66
155170,64.54,7578.66
155180,64.54,7578.66
155190,64.54,7578.66
155200,64.54,7578.66
155210,64.54,7578.66
155220,64.54,7578.66
155230,64.54,7578.66
155240,64.54,7578.66
155250,64.54,7578.66
155260,64.54,7578.66
155270,64.54,7578.66
155280,64.54,7578.66
155290,64.54,7578.66
155300,64.54,7578.66
155310,64.54,7578.66
155320,64.54,7578.66
155330,64.54,7578.66
155340,64.54,7578.66
155350,64.54,7578.66
155360,64.72,7578.66
155370,64.72,7493.22
155380,64.72,7493.22
155390,64.72,7493.22
155400,64.72,7493.22
155410,64.72,7493.22
155420,64.72,7493.22
155430,64.72,7493.22
155440,64.72,7493.22
155450,64.72,7493.22
155460,64.72,7493.22
155470,64.72,7493.22
155480,64.72,7493.22
155490,64.72,7493.22
155500,64.72,7493.22
155510,64.72,7493.22
155520,64.72,7493.22
155530,64.72,7493.22
155540,64.72,7493.22
155550,64.72,7493.22
155560,64.72,7493.22
155570,64.72,7493.22
155580,64.72,7493.22
155590,64.72,7493.22
155600,64.72,7493.22
155610,64.72,7493.22
155620,64.72,7493.22
155630,65.06,7493.22
155640,65.06,7493.22
155650,65.06,7493.22
155660,65.06,7493.22
155670,65.06,7493.22
155680,65.06,7493.22
155690,65.06,7493.22
155700,65.06,7493.22
155710,65.06,7493.22
155720,65.06,7501.95
155730,65.06,7501.95
155740,65.06,7501.95
155750,65.06,7501.95
155760,65.06,7501.95
155770,65.06,7501.95
155780,65.06,7501.95
155790,65.06,7501.95
155800,65.06,7501.95
155810,65.06,7501.95
155820,65.06,7501.95
155830,65.06,7501.95
155840,65.06,7501.95
155850,65.06,7501.95
155860,65.06,7501.95
155870,65.06,7501.95
155880,65.06,7501.95
155890,65.06,7501.95
155900,65.06,7501.95
155910,65.06,7501.95
155920,65.06,7501.95
155930,65.06,7501.95
155940,65.06,7501.95
155950,65.06,7501.95
155960,65.06,7501.95
155970,64.8,7501.95
155980,64.8,7501.95
155990,64.8,7501.95
156000,64.8,7501.95
156010,64.8,7501.95
156020,64.8,7501.95
156030,64.8,7501.95
156040,64.8,7501.95
156050,64.8,7501.95
156060,64.8,7501.95
156070,64.8,7501.95
156080,64.8,7501.95
156090,64.8,7501.95
156100,64.8,7501.95
156110,64.8,7501.95
156120,64.8,7548.36
156130,64.8,7548.36
156140,64.8,7548.36
156150,64.8,7548.36
156160,64.8,7548.36
156170,64.8,7548.36
156180,64.8,7548.36
156190,64.8,7548.36
156200,64.8,7548.36
156210,64.8,7548.36
156220,64.8,7548.36
156230,64.8,7548.36
156240,64.8,7548.36
156250,64.8,7548.36
156260,64.8,7548.36
156270,64.8,7548.36
156280,64.8,7548.36
156290,64.8,7548.36
156300,64.8,7548.36
156310,64.8,7548.36
156320,64.8,7548.36
156330,64.8,7548.36
156340,64.8,7548.36
156350,64.8,7548.36
156360,64.8,7548.36
156370,64.8,7548.36
156380,64.8,7548.36
156390,64.93,7548.36
156400,64.93,7548.36
156410,64.93,7548.36
156420,64.93,7548.36
156430,64.93,7548.36
156440,64.93,7548.36
156450,64.93,7548.36
156460,64.93,7548.36
156470,64.93,7548.36
156480,64.93,7548.36
156490,64.93,7548.36
156500,64.93,7548.36
156510,64.93,7548.36
156520,64.93,7548.36
156530,64.93,7548.36
156540,64.93,7619.96
156550,64.93,7619.96
156560,64.93,7619.96
156570,64.93,7619.96
156580,64.93,7619.96
156590,64.93,7619.96
156600,64.93,7619.96
156610,64.93,7619.96
156620,64.93,7619.96
156630,64.93,7619.96
156640,64.93,7619.96
156650,64.93,7619.96
156660,64.93,7619.96
156670,64.93,7619.96
156680,64.93,7619.96
156690,64.93,7619.96
156700,64.93,7619.96
156710,64.93,7619.96
156720,64.93,7619.96
156730,64.42,7619.96
156740,64.42,7619.96
156750,64.42,7619.96
156760,64.42,7619.96
156770,64.42,7619.96
156780,64.42,7619.96
156790,64.42,7619.96
156800,64.42,7619.96
156810,64.42,7619.96
156820,64.42,7619.96
156830,64.42,7619.96
156840,64.42,7619.96
156850,64.42,7619.96
156860,64.42,7619.96
156870,64.42,7619.96
156880,64.42,7619.96
156890,64.42,7619.96
156900,64.42,7548.51
156910,64.42,7548.51
156920,64.42,7548.51
156930,64.42,7548.51
156940,64.42,7548.51
156950,64.42,7548.51
156960,64.42,7548.51
156970,64.74,7548.51
156980,64.74,7548.51
156990,64.74,7548.51
157000,64.74,7548.51
157010,64.74,7548.51
157020,64.74,7548.51
157030,64.74,7548.51
157040,64.74,7548.51
157050,64.74,7548.51
157060,64.74,7548.51
157070,64.74,7548.51
157080,64.74,7548.51
157090,64.74,7548.51
157100,64.74,7548.51
157110,64.74,7548.51
157120,64.74,7548.51
157130,64.74,7548.51
157140,64.74,7548.51
157150,64.74,7548.51
157160,64.74,7548.51
157170,64.74,7548.51
157180,64.74,7548.51
157190,64.74,7548.51
157200,64.74,7548.51
157210,64.74,7548.51
157220,64.74,7548.51
157230,64.74,7548.51
157240,64.74,7548.51
157250,64.74,7548.51
157260,64.74,7548.51
157270,64.74,7548.51
157280,65.23,7548.51
157290,65.23,7548.51
157300,65.23,7700.17
157310,65.23,7700.17
157320,65.23,7700.17
157330,65.23,7700.17
157340,65.23,7700.17
157350,65.23,7700.17
157360,65.23,7700.17
157370,65.23,7700.17
157380,65.23,7700.17
157390,65.23,7700.17
157400,65.23,7700.17
157410,65.23,7700.17
157420,65.23,7700.17
157430,65.23,7700.17
157440,65.23,7700.17
157450,65.23,7700.17
157460,65.23,7700.17
157470,65.23,7700.17
157480,65.23,7700.17
157490,65.23,7700.17
157500,65.23,7700.17
157510,65.23,7700.17
157520,65.23,7700.17
157530,65.23,7700.17
157540,65.23,7700.17
157550,65.23,7700.17
157560,65.23,7700.17
157570,65.23,7700.17
157580,65.23,7700.17
157590,65.23,7700.17
157600,65.23,7700.17
157610,65.23,7700.17
157620,65.23,7700.17
157630,65.23,7700.17
157640,64.95,7700.17
157650,64.95,7700.17
157660,64.95,7700.17
157670,64.95,7700.17
157680,64.95,7700.17
157690,64.95,7730.63
157700,64.95,7730.63
157710,64.95,7730.63
157720,64.95,7730.63
157730,64.95,7730.63
157740,64.95,7730.63
157750,64.95,7730.63
157760,64.95,7730.63
157770,64.95,7730.63
157780,64.95,7730.63
157790,64.95,7730.63
157800,64.95,7730.63
157810,64.95,7730.63
157820,64.95,7730.63
157830,64.95,7730.63
157840,64.95,7730.63
157850,64.95,7730.63
157860,64.95,7730.63
157870,64.95,7730.63
157880,64.95,7730.63
157890,64.95,7730.63
157900,64.95,7730.63
157910,64.95,7730.63
157920,64.95,7730.63
157930,64.95,7730.63
157940,64.95,7730.63
157950,64.95,7730.63
157960,64.95,7730.63
157970,64.95,7626.62
157980,64.95,7626.62
157990,64.95,7626.62
158000,64.95,7626.62
158010,64.95,7626.62
158020,64.95,7626.62
158030,64.95,7626.62
158040,64.95,7626.62
158050,64.95,7626.62
158060,64.95,7626.62
158070,64.95,7626.62
158080,65.03,7626.62
158090,65.03,7626.62
158100,65.03,7626.62
158110,65.03,7626.62
158120,65.03,7626.62
158130,65.03,7626.62
158140,65.03,7626.62
158150,65.03,7626.62
158160,65.03,7626.62
158170,65.03,7626.62
158180,65.03,7626.62
158190,65.03,7626.62
158200,65.03,7626.62
158210,65.03,7626.62
158220,65.03,7626.62
158230,65.03,7626.62
158240,65.03,7626.62
158250,65.03,7626.62
158260,65.03,7626.62
158270,65.03,7626.62
158280,65.03,7626.62
158290,65.03,7626.62
158300,65.22,7626.62
158310,65.22,7626.62
158320,65.22,7626.62
158330,65.22,7626.62
158340,65.22,7626.62
158350,65.22,7626.62
158360,65.22,7626.62
158370,65.22,7626.62
158380,65.22,7626.62
158390,65.22,7626.62
158400,65.22,7626.62
158410,65.22,7626.62
158420,65.22,7626.62
158430,65.22,7626.62
158440,65.22,7626.62
158450,65.22,7507.37
158460,65.22,7507.37
158470,65.22,7507.37
158480,65.22,7507.37
158490,65.22,7507.37
158500,65.22,7507.37
158510,65.22,7507.37
158520,65.22,7507.37
158530,65.22,7507.37
158540,65.22,7507.37
158550,65.22,7507.37
158560,65.22,7507.37
158570,65.22,7507.37
158580,65.22,7507.37
158590,65.22,7507.37
158600,65.22,7507.37
158610,65.22,7507.37
158620,65.22,7507.37
158630,65.22,7507.37
158640,65.22,7507.37
158650,65.22,7507.37
158660,65.22,7507.37
158670,65.22,7507.37
158680,65.22,7507.37
158690,65.22,7507.37
158700,65.22,7612.1
158710,65.22,7612.1
158720,65.22,7612.1
158730,65.22,7612.1
158740,65.22,7612.1
158750,65.26,7612.1
158760,65.26,7612.1
158770,65.26,7612.1
158780,65.26,7612.1
158790,65.26,7612.1
158800,65.26,7612.1
158810,65.26,7612.1
158820,65.26,7612.1
158830,65.26,7612.1
158840,65.26,7612.1
158850,65.26,7612.1
158860,65.26,7612.1
158870,65.26,7612.1
158880,65.26,7612.1
158890,65.26,7612.1
158900,65.26,7612.1
158910,65.26,7612.1
158920,65.26,7612.1
158930,65.26,7570.62
158940,65.26,7570.62
158950,65.26,7570.62
158960,65.26,7570.62
158970,65.26,7570.62
158980,65.26,7570.62
158990,65.26,7570.62
159000,65.26,7570.62
159010,65.26,7570.62
159020,65.26,7570.62
159030,65.26,7570.62
159040,65.26,7570.62
159050,65.26,7570.62
159060,65.26,7570.62
159070,65.26,7570.62
159080,65.26,7570.62
159090,65.26,7570.62
159100,65.26,7570.62
159110,65.26,7570.62
159120,65.26,7570.62
159130,65.26,7570.62
159140,65.26,7570.62
159150,65.26,7570.62
159160,65.26,7570.62
159170,65.26,7570.62
159180,65.26,7570.62
159190,65.7,7570.62
159200,65.7,7570.62
159210,65.7,7570.62
159220,65.7,7570.62
159230,65.7,7492.68
159240,65.7,7492.68
159250,65.7,7492.68
159260,65.7,7492.68
159270,65.7,7492.68
159280,65.7,7492.68
159290,65.7,7492.68
159300,65.7,7492.68
159310,65.7,7492.68
159320,65.7,7492.68
159330,65.7,7492.68
159340,65.7,7492.68
159350,65.7,7492.68
159360,65.7,7492.68
159370,65.7,7492.68
159380,65.7,7492.68
159390,65.7,7492.68
159400,65.7,7492.68
159410,65.7,7492.68
159420,65.7,7492.68
159430,65.7,7479.17
159440,65.7,7479.17
159450,65.7,7479.17
159460,65.7,7479.17
159470,65.7,7479.17
159480,65.7,7479.17
159490,65.7,7479.17
159500,65.7,7479.17
159510,65.7,7479.17
159520,65.7,7479.17
159530,65.7,7479.17
159540,65.7,7479.17
159550,65.7,7479.17
159560,65.7,7479.17
159570,65.7,7479.17
159580,65.7,7479.17
159590,65.7,7479.17
159600,65.7,7479.17
159610,65.7,7479.17
159620,65.7,7479.17
159630,65.38,7479.17
159640,65.38,7479.17
159650,65.38,7479.17
159660,65.38,7479.17
159670,65.38,7424.83
159680,65.38,7424.83
159690,65.38,7424.83
159700,65.38,7424.83
159710,65.38,7424.83
159720,65.38,7424.83
159730,65.38,7424.83
159740,65.38,7424.83
159750,65.38,7424.83
159760,65.38,7424.83
159770,65.38,7424.83
159780,65.38,7424.83
159790,65.38,7424.83
159800,65.38,7424.83
159810,65.38,7424.83
159820,65.38,7424.83
159830,65.38,7424.83
159840,65.38,7424.83
159850,65.38,7424.83
159860,65.38,7424.83
159870,65.38,7424.83
159880,65.38,7424.83
159890,65.65,7424.83
159900,65.65,7424.83
159910,65.65,7424.83
159920,65.65,7424.83
159930,65.65,7424.83
159940,65.65,7424.83
159950,65.65,7424.83
159960,65.65,7424.83
159970,65.65,7424.83
159980,65.65,7424.83
159990,65.65,7424.83
160000,65.65,7424.83
160010,65.65,7424.83
160020,65.65,7424.83
160030,65.65,7424.83
160040,65.65,7424.83
160050,65.65,7424.83
160060,65.65,7548.2
160070,65.65,7548.2
160080,65.65,7548.2
160090,65.65,7548.2
160100,65.78,7548.2
160110,65.78,7548.2
160120,65.78,7548.2
160130,65.78,7548.2
160140,65.78,7548.2
160150,65.78,7548.2
160160,65.78,7548.2
160170,65.78,7548.2
160180,65.78,7548.2
160190,65.78,7548.2
160200,65.78,7548.2
160210,65.78,7548.2
160220,65.78,7548.2
160230,65.78,7548.2
160240,65.78,7548.2
160250,65.78,7548.2
160260,65.78,7548.2
160270,65.78,7548.2
160280,65.78,7548.2
160290,65.78,7548.2
160300,65.78,7548.2
160310,65.78,7548.2
160320,65.78,7548.2
160330,65.78,7548.2
160340,65.78,7548.2
160350,65.78,7548.2
160360,65.78,7548.2
160370,65.78,7548.2
160380,65.78,7548.2
160390,65.78,7548.2
160400,65.78,7548.2
160410,65.78,7554.92
160420,65.78,7554.92
160430,65.78,7554.92
160440,65.78,7554.92
160450,65.78,7554.92
160460,65.78,7554.92
160470,65.78,7554.92
160480,65.78,7554.92
160490,65.78,7554.92
160500,65.78,7554.92
160510,65.78,7554.92
160520,65.78,7554.92
160530,65.78,7554.92
160540,65.65,7554.92
160550,65.65,7554.92
160560,65.65,7554.92
160570,65.65,7554.92
160580,65.65,7554.92
160590,65.65,7554.92
160600,65.65,7554.92
160610,65.65,7554.92
160620,65.65,7554.92
160630,65.65,7554.92
160640,65.65,7600.34
160650,65.65,7600.34
160660,65.65,7600.34
160670,65.65,7600.34
160680,65.65,7600.34
160690,65.65,7600.34
160700,65.65,7600.34
160710,65.65,7600.34
160720,65.65,7600.34
160730,65.65,7600.34
160740,65.65,7600.34
160750,65.65,7600.34
160760,65.65,7600.34
160770,65.65,7600.34
160780,65.65,7600.34
160790,65.65,7600.34
160800,65.65,7600.34
160810,65.65,7600.34
160820,65.65,7600.34
160830,65.65,7600.34
160840,65.65,7615.95
160850,65.65,7615.95
160860,65.65,7615.95
160870,65.65,7615.95
160880,65.65,7615.95
160890,65.65,7615.95
160900,65.65,7615.95
160910,65.65,7615.95
160920,65.65,7615.95
160930,65.65,7615.95
160940,65.65,7615.95
160950,65.65,7615.95
160960,65.65,7615.95
160970,65.65,7615.95
160980,65.65,7615.95
160990,65.65,7615.95
161000,65.65,7615.95
161010,65.65,7615.95
161020,65.65,7615.95
161030,65.65,7615.95
161040,65.65,7615.95
161050,65.65,7615.95
161060,65.65,7615.95
161070,65.65,7615.95
161080,65.65,7615.95
161090,65.65,7615.95
161100,65.65,7615.95
161110,65.65,7615.95
161120,65.65,7615.95
161130,65.65,7615.95
161140,65.65,7615.95
161150,65.65,7615.95
161160,65.65,7615.95
161170,65.65,7615.95
161180,65.65,7615.95
161190,65.65,7615.95
161200,65.65,7615.95
161210,65.65,7615.95
161220,65.65,7615.95
161230,65.65,7615.95
161240,65.65,7615.95
161250,65.65,7615.95
161260,65.65,7615.95
161270,65.65,7615.95
161280,65.65,7615.95
161290,65.65,7615.95
161300,65.65,7615.95
161310,65.65,7615.95
161320,65.65,7595.25
161330,65.65,7595.25
161340,65.65,7595.25
161350,65.65,7595.25
161360,65.65,7595.25
161370,65.65,7595.25
161380,65.65,7595.25
161390,65.65,7595.25
161400,65.65,7595.25
161410,65.65,7595.25
161420,65.65,7595.25
161430,65.65,7595.25
161440,65.65,7595.25
161450,65.65,7595.25
161460,65.65,7595.25
161470,65.65,7595.25
161480,65.65,7595.25
161490,65.65,7595.25
161500,65.65,7595.25
161510,65.65,7595.25
161520,65.65,7595.25
161530,65.65,7595.25
161540,65.65,7595.25
161550,65.65,7595.25
161560,65.65,7595.25
161570,65.65,7595.25
161580,65.65,7738.07
161590,65.65,7738.07
161600,65.65,7738.07
161610,65.65,7738.07
161620,65.65,7738.07
161630,65.76,7738.07
161640,65.76,7738.07
161650,65.76,7738.07
161660,65.76,7738.07
161670,65.76,7738.07
161680,65.76,7738.07
161690,65.76,7738.07
161700,65.76,7738.07
161710,65.76,7738.07
161720,65.76,7738.07
161730,65.76,7738.07
161740,65.76,7738.07
161750,65.76,7738.07
161760,65.76,7738.07
161770,65.76,7738.07
161780,65.76,7738.07
161790,65.76,7738.07
161800,65.76,7738.07
161810,65.76,7738.07
161820,65.76,7738.07
161830,65.76,7738.07
161840,65.76,7738.07
161850,65.76,7831.86
161860,65.76,7831.86
161870,65.76,7831.86
161880,65.76,7831.86
161890,65.76,7831.86
161900,65.76,7831.86
161910,65.76,7831.86
161920,65.76,7831.86
161930,65.76,7831.86
161940,65.76,7831.86
161950,66.18,7831.86
161960,66.18,7831.86
161970,66.18,7831.86
161980,66.18,7831.86
161990,66.18,7831.86
162000,66.18,7831.86
162010,66.18,7831.86
162020,66.18,7831.86
162030,66.18,7831.86
162040,66.18,7831.86
162050,66.18,7831.86
162060,66.18,7831.86
162070,66.18,7831.86
162080,66.18,7831.86
162090,66.18,7831.86
162100,66.18,7831.86
162110,66.18,7831.86
162120,66.18,7831.86
162130,66.18,7831.86
162140,66.18,7831.86
162150,66.18,7831.86
162160,66.18,7831.86
162170,66.18,7831.86
162180,66.18,7831.86
162190,66.18,7831.86
162200,66.18,7831.86
162210,66.18,7831.86
162220,66.18,7914.03
162230,66.18,7914.03
162240,66.18,7914.03
162250,66.18,7914.03
162260,66.18,7914.03
162270,66.18,7914.03
162280,66.18,7914.03
162290,66.18,7914.03
162300,66.18,7914.03
162310,66.18,7914.03
162320,66.18,7914.03
162330,66.18,7914.03
162340,65.81,7914.03
162350,65.81,7914.03
162360,65.81,7914.03
162370,65.81,7914.03
162380,65.81,7914.03
162390,65.81,7914.03
162400,65.81,7914.03
162410,65.81,7914.03
162420,65.81,7914.03
162430,65.81,7914.03
162440,65.81,7914.03
162450,65.81,7914.03
162460,65.81,7914.03
162470,65.81,7914.03
162480,65.81,7914.03
162490,65.81,7914.03
162500,65.81,7914.03
162510,65.81,7914.03
162520,65.81,7914.03
162530,65.81,7914.03
162540,65.81,7914.03
162550,65.81,7914.03
162560,65.81,7914.03
162570,65.81,7914.03
162580,65.81,7914.03
162590,65.81,7914.03
162600,65.81,7794.86
162610,65.81,7794.86
162620,65.81,7794.86
162630,65.81,7794.86
162640,65.81,7794.86
162650,66.21,7794.86
162660,66.21,7794.86
162670,66.21,7794.86
162680,66.21,7794.86
162690,66.21,7794.86
162700,66.21,7794.86
162710,66.21,7794.86
162720,66.21,7794.86
162730,66.21,7794.86
162740,66.21,7794.86
162750,66.21,7794.86
162760,66.21,7794.86
162770,66.21,7794.86
162780,66.21,7794.86
162790,66.21,7794.86
162800,66.21,7794.86
162810,66.21,7794.86
162820,66.21,7794.86
162830,66.21,7794.86
162840,66.21,7794.86
162850,66.21,7794.86
162860,66.21,7794.86
162870,66.21,7794.86
162880,66.21,7794.86
162890,66.21,7794.86
162900,66.21,7794.86
162910,66.21,7794.86
162920,66.21,7794.86
162930,66.21,7794.86
162940,66.21,7794.86
162950,66.21,7794.86
162960,66.21,7794.86
162970,66.21,7859.74
162980,66.21,7859.74
162990,66.21,7859.74
163000,66.21,7859.74
163010,66.21,7859.74
163020,66.21,7859.74
163030,66.4,7859.74
163040,66.4,7859.74
163050,66.4,7859.74
163060,66.4,7859.74
163070,66.4,7859.74
163080,66.4,7859.74
163090,66.4,7859.74
163100,66.4,7859.74
163110,66.4,7859.74
163120,66.4,7859.74
163130,66.4,7859.74
163140,66.4,7859.74
163150,66.4,7859.74
163160,66.4,7859.74
163170,66.4,7859.74
163180,66.4,7859.74
163190,66.4,7859.74
163200,66.4,7859.74
163210,66.4,7859.74
163220,66.4,7859.74
163230,66.4,7859.74
163240,66.4,7859.74
163250,66.4,7859.74
163260,66.77,7859.74
163270,66.77,7859.74
163280,66.77,7859.74
163290,66.77,7859.74
163300,66.77,7948.41
163310,66.77,7948.41
163320,66.77,7948.41
163330,66.77,7948.41
163340,66.77,7948.41
163350,66.77,7948.41
163360,66.77,7948.41
163370,66.77,7948.41
163380,66.77,7948.41
163390,66.77,7948.41
163400,66.77,7948.41
163410,66.77,7948.41
163420,66.77,7948.41
163430,66.77,7948.41
163440,66.77,7948.41
163450,66.77,7948.41
163460,66.77,7948.41
163470,66.77,7948.41
163480,66.77,7948.41
163490,66.77,7948.41
163500,66.77,7948.41
163510,66.77,7948.41
163520,66.77,7948.41
163530,66.77,7948.41
163540,66.77,7948.41
163550,66.77,7948.41
163560,66.77,7948.41
163570,66.77,8066.0
163580,66.77,8066.0
163590,66.77,8066.0
163600,67.1,8066.0
163610,67.1,8066.0
163620,67.1,8066.0
163630,67.1,8066.0
163640,67.1,8066.0
163650,67.1,8066.0
163660,67.1,8066.0
163670,67.1,8066.0
163680,67.1,8066.0
163690,67.1,8066.0
163700,67.1,8066.0
163710,67.1,8066.0
163720,67.1,8066.0
163730,67.1,8066.0
163740,67.1,8066.0
163750,67.1,8066.0
163760,67.1,8066.0
163770,67.1,8066.0
163780,67.1,8066.0
163790,67.1,8066.0
163800,67.1,8066.0
163810,67.1,8066.0
163820,66.76,8066.0
163830,66.76,8066.0
163840,66.76,8066.0
163850,66.76,8066.0
163860,66.76,8066.0
163870,66.76,8066.0
163880,66.76,8066.0
163890,66.76,8188.77
163900,66.76,8188.77
163910,66.76,8188.77
163920,66.76,8188.77
163930,66.76,8188.77
163940,66.76,8188.77
163950,66.76,8188.77
163960,66.76,8188.77
163970,66.76,8188.77
163980,66.76,8188.77
163990,66.76,8188.77
164000,66.76,8188.77
164010,66.76,8188.77
164020,66.76,8188.77
164030,66.76,8188.77
164040,66.76,8188.77
164050,66.76,8188.77
164060,66.76,8188.77
164070,66.76,8188.77
164080,66.76,8188.77
164090,66.76,8188.77
164100,66.76,8188.77
164110,66.76,8188.77
164120,66.76,8188.77
164130,66.76,8188.77
164140,66.76,8188.77
164150,66.76,8188.77
164160,66.76,8188.77
164170,66.76,8188.77
164180,66.76,8188.77
164190,66.76,8188.77
164200,66.76,8188.77
164210,66.76,8188.77
164220,66.76,8188.77
164230,66.76,8188.77
164240,66.76,8188.77
164250,66.58,8188.77
164260,66.58,8075.8
164270,66.58,8075.8
164280,66.58,8075.8
164290,66.58,8075.8
164300,66.58,8075.8
164310,66.58,8075.8
164320,66.58,8075.8
164330,66.58,8075.8
164340,66.58,8075.8
164350,66.58,8075.8
164360,66.58,8075.8
164370,66.58,8075.8
164380,66.58,8075.8
164390,66.58,8075.8
164400,66.58,8075.8
164410,66.58,8075.8
164420,66.58,8075.8
164430,66.58,8075.8
164440,66.58,8075.8
164450,66.58,8075.8
164460,66.58,8075.8
164470,66.58,8075.8
164480,66.58,8075.8
164490,66.58,8075.8
164500,66.58,8075.8
164510,66.58,8075.8
164520,66.58,8075.8
164530,66.58,8075.8
164540,66.58,8075.8
164550,66.58,8075.8
164560,66.58,8075.8
164570,66.58,8075.8
164580,66.58,8075.8
164590,66.58,8075.8
164600,66.58,8075.8
164610,66.58,8075.8
164620,66.58,8075.8
164630,66.84,8075.8
164640,66.84,8075.8
164650,66.84,8075.8
164660,66.84,8033.23
164670,66.84,8033.23
164680,66.84,8033.23
164690,66.84,8033.23
164700,66.84,8033.23
164710,66.84,8033.23
164720,66.84,8033.23
164730,66.84,8033.23
164740,66.84,8033.23
164750,66.84,8033.23
164760,66.84,8033.23
164770,66.84,8033.23
164780,66.84,8033.23
164790,66.84,8033.23
164800,66.84,8033.23
164810,66.84,8033.23
164820,66.84,8033.23
164830,66.84,8033.23
164840,66.84,8033.23
164850,66.84,8033.23
164860,66.84,8033.23
164870,66.84,8033.23
164880,66.84,8033.23
164890,66.84,8033.23
164900,66.84,8033.23
164910,66.84,8033.23
164920,66.84,8033.23
164930,66.84,8033.23
164940,66.84,8033.23
164950,66.84,8033.23
164960,66.84,8067.66
164970,66.84,8067.66
164980,66.84,8067.66
164990,66.84,8067.66
165000,66.84,8067.66
165010,66.84,8067.66
165020,66.84,8067.66
165030,66.84,8067.66
165040,66.84,8067.66
165050,66.84,8067.66
165060,66.84,8067.66
165070,66.63,8067.66
165080,66.63,8067.66
165090,66.63,8067.66
165100,66.63,8067.66
165110,66.63,8067.66
165120,66.63,8067.66
165130,66.63,8067.66
165140,66.63,8067.66
165150,66.63,8067.66
165160,66.63,8067.66
165170,66.63,8067.66
165180,66.63,8067.66
165190,66.63,8067.66
165200,66.63,8067.66
165210,66.63,8067.66
165220,66.63,8067.66
165230,66.63,8067.66
165240,66.63,8067.66
165250,66.63,8198.04
165260,66.63,8198.04
165270,66.63,8198.04
165280,66.63,8198.04
165290,66.63,8198.04
165300,66.63,8198.04
165310,66.63,8198.04
165320,66.63,8198.04
165330,66.63,8198.04
165340,66.63,8198.04
165350,66.63,8198.04
165360,66.63,8198.04
165370,66.63,8198.04
165380,66.63,8198.04
165390,66.63,8198.04
165400,66.63,8198.04
165410,66.63,8198.04
165420,66.63,8198.04
165430,66.63,8198.04
165440,66.63,8198.04
165450,66.73,8198.04
165460,66.73,8198.04
165470,66.73,8198.04
165480,66.73,8198.04
165490,66.73,8198.04
165500,66.73,8198.04
165510,66.73,8198.04
165520,66.73,8198.04
165530,66.73,8198.04
165540,66.73,8198.04
165550,66.73,8198.04
165560,66.73,8198.04
165570,66.73,8198.04
165580,66.73,8198.04
165590,66.73,8198.04
165600,66.73,8198.04
165610,66.73,8198.04
165620,66.73,8160.39
165630,66.73,8160.39
165640,66.73,8160.39
165650,66.73,8160.39
165660,66.73,8160.39
165670,66.73,8160.39
165680,66.73,8160.39
165690,66.73,8160.39
165700,66.73,8160.39
165710,66.73,8160.39
165720,66.73,8160.39
165730,66.73,8160.39
165740,66.73,8160.39
165750,66.73,8160.39
165760,66.73,8160.39
165770,66.73,8160.39
165780,66.73,8160.39
165790,66.9,8160.39
165800,66.9,8160.39
165810,66.9,8160.39
165820,66.9,8160.39
165830,66.9,8160.39
165840,66.9,8160.39
165850,66.9,8160.39
165860,66.9,8160.39
165870,66.9,8160.39
165880,66.9,8160.39
165890,66.9,8160.39
165900,66.9,8160.39
165910,66.9,8160.39
165920,66.9,8160.39
165930,66.9,8160.39
165940,66.9,8160.39
165950,66.9,8160.39
165960,66.9,8160.39
165970,66.9,8160.39
165980,66.9,8160.39
165990,66.9,8256.79
166000,66.9,8256.79
166010,66.9,8256.79
166020,66.9,8256.79
166030,66.9,8256.79
166040,66.9,8256.79
166050,66.9,8256.79
166060,66.9,8256.79
166070,66.9,8256.79
166080,66.9,8256.79
166090,66.9,8256.79
166100,67.08,8256.79
166110,67.08,8256.79
166120,67.08,8256.79
166130,67.08,8256.79
166140,67.08,8256.79
166150,67.08,8256.79
166160,67.08,8256.79
166170,67.08,8256.79
166180,67.08,8256.79
166190,67.08,8256.79
166200,67.08,8256.79
166210,67.08,8256.79
166220,67.08,8256.79
166230,67.08,8256.79
166240,67.08,8256.79
166250,67.08,8395.56
166260,67.08,8395.56
166270,67.08,8395.56
166280,67.08,8395.56
166290,67.08,8395.56
166300,67.08,8395.56
166310,67.08,8395.56
166320,67.08,8395.56
166330,67.08,8395.56
166340,67.08,8395.56
166350,67.08,8395.56
166360,67.08,8395.56
166370,67.08,8395.56
166380,67.08,8395.56
166390,67.08,8395.56
166400,67.08,8395.56
166410,67.08,8395.56
166420,67.08,8395.56
166430,67.08,8395.56
166440,67.08,8395.56
166450,67.08,8395.56
166460,67.08,8395.56
166470,67.08,8395.56
166480,67.08,8355.31
166490,67.08,8355.31
166500,67.08,8355.31
166510,67.08,8355.31
166520,67.08,8355.31
166530,67.08,8355.31
166540,67.08,8355.31
166550,67.08,8355.31
166560,67.08,8355.31
166570,67.08,8355.31
166580,67.08,8355.31
166590,67.51,8355.31
166600,67.51,8355.31
166610,67.51,8355.31
166620,67.51,8355.31
166630,67.51,8355.31
166640,67.51,8355.31
166650,67.51,8355.31
166660,67.51,8355.31
166670,67.51,8355.31
166680,67.51,8355.31
166690,67.51,8355.31
166700,67.51,8503.31
166710,67.51,8503.31
166720,67.51,8503.31
166730,67.51,8503.31
166740,67.51,8503.31
166750,67.51,8503.31
166760,67.51,8503.31
166770,67.51,8503.31
166780,67.51,8503.31
166790,67.51,8503.31
166800,67.51,8503.31
166810,67.51,8503.31
166820,67.51,8503.31
166830,67.51,8503.31
166840,67.51,8503.31
166850,67.51,8503.31
166860,67.51,8503.31
166870,67.51,8503.31
166880,67.51,8503.31
166890,67.51,8503.31
166900,67.51,8503.31
166910,67.51,8503.31
166920,67.26,8503.31
166930,67.26,8503.31
166940,67.26,8540.84
166950,67.26,8540.84
166960,67.26,8540.84
166970,67.26,8540.84
166980,67.26,8540.84
166990,67.26,8540.84
167000,67.26,8540.84
167010,67.26,8540.84
167020,67.26,8540.84
167030,67.26,8540.84
167040,67.26,8540.84
167050,67.26,8540.84
167060,67.26,8540.84
167070,67.26,8540.84
167080,67.26,8540.84
167090,67.26,8540.84
167100,67.26,8540.84
167110,67.26,8540.84
167120,67.39,8540.84
167130,67.39,8540.84
167140,67.39,8540.84
167150,67.39,8540.84
167160,67.39,8540.84
167170,67.39,8540.84
167180,67.39,8540.84
167190,67.39,8540.84
167200,67.39,8540.84
167210,67.39,8407.31
167220,67.39,8407.31
167230,67.39,8407.31
167240,67.39,8407.31
167250,67.39,8407.31
167260,67.39,8407.31
167270,67.39,8407.31
167280,67.39,8407.31
167290,67.39,8407.31
167300,67.39,8407.31
167310,67.39,8407.31
167320,67.39,8407.31
167330,67.39,8407.31
167340,67.39,8407.31
167350,67.39,8407.31
167360,67.39,8407.31
167370,67.39,8407.31
167380,67.39,8407.31
167390,67.39,8407.31
167400,67.39,8407.31
167410,67.39,8407.31
167420,67.39,8407.31
167430,67.39,8407.31
167440,67.39,8407.31
167450,67.39,8407.31
167460,67.39,8407.31
167470,67.39,8407.31
167480,67.39,8407.31
167490,67.39,8407.31
167500,66.95,8407.31
167510,66.95,8407.31
167520,66.95,8407.31
167530,66.95,8407.31
167540,66.95,8407.31
167550,66.95,8407.31
167560,66.95,8407.31
167570,66.95,8407.31
167580,66.95,8463.9
167590,66.95,8463.9
167600,66.95,8463.9
167610,66.95,8463.9
167620,66.95,8463.9
167630,66.95,8463.9
167640,66.95,8463.9
167650,66.95,8463.9
167660,66.95,8463.9
167670,66.95,8463.9
167680,66.95,8463.9
167690,66.95,8463.9
167700,66.95,8463.9
167710,66.95,8463.9
167720,66.95,8463.9
167730,66.95,8463.9
167740,66.95,8463.9
167750,66.95,8463.9
167760,66.95,8463.9
167770,66.95,8463.9
167780,66.68,8463.9
167790,66.68,8463.9
167800,66.68,8463.9
167810,66.68,8463.9
167820,66.68,8463.9
167830,66.68,8463.9
167840,66.68,8463.9
167850,66.68,8463.9
167860,66.68,8463.9
167870,66.68,8463.9
167880,66.68,8463.9
167890,66.68,8463.9
167900,66.68,8463.9
167910,66.68,8463.9
167920,66.68,8463.9
167930,66.68,8463.9
167940,66.68,8463.9
167950,66.68,8463.9
167960,66.68,8463.9
167970,66.68,8463.9
167980,66.68,8401.48
167990,66.68,8401.48
168000,66.68,8401.48
168010,66.68,8401.48
168020,66.68,8401.48
168030,66.68,8401.48
168040,66.68,8401.48
168050,66.68,8401.48
168060,66.68,8401.48
168070,66.68,8401.48
168080,66.68,8401.48
168090,66.79,8401.48
168100,66.79,8401.48
168110,66.79,8401.48
168120,66.79,8401.48
168130,66.79,8401.48
168140,66.79,8401.48
168150,66.79,8401.48
168160,66.79,8401.48
168170,66.79,8401.48
168180,66.79,8401.48
168190,66.79,8401.48
168200,66.79,8401.48
168210,66.79,8401.48
168220,66.79,8401.48
168230,66.79,8401.48
168240,66.79,8401.48
168250,66.79,8401.48
168260,66.79,8401.48
168270,66.79,8401.48
168280,66.79,8401.48
168290,67.11,8401.48
168300,67.11,8401.48
168310,67.11,8401.48
168320,67.11,8401.48
168330,67.11,8401.48
168340,67.11,8401.48
168350,67.11,8401.48
168360,67.11,8401.48
168370,67.11,8401.48
168380,67.11,8401.48
168390,67.11,8401.48
168400,67.11,8401.48
168410,67.11,8401.48
168420,67.11,8401.48
168430,67.11,8401.48
168440,67.11,8401.48
168450,67.11,8401.48
168460,67.11,8328.83
168470,67.11,8328.83
168480,67.11,8328.83
168490,67.11,8328.83
168500,67.11,8328.83
168510,66.76,8328.83
168520,66.76,8328.83
168530,66.76,8328.83
168540,66.76,8328.83
168550,66.76,8328.83
168560,66.76,8328.83
168570,66.76,8328.83
168580,66.76,8328.83
168590,66.76,8328.83
168600,66.76,8328.83
168610,66.76,8328.83
168620,66.76,8328.83
168630,66.76,8328.83
168640,66.76,8328.83
168650,66.76,8328.83
168660,66.76,8328.83
168670,66.76,8328.83
168680,66.76,8328.83
168690,66.76,8328.83
168700,66.76,8328.83
168710,66.76,8328.83
168720,66.76,8328.83
168730,66.76,8328.83
168740,67.02,8328.83
168750,67.02,8328.83
168760,67.02,8328.83
168770,67.02,8328.83
168780,67.02,8328.83
168790,67.02,8328.83
168800,67.02,8328.83
168810,67.02,8328.83
168820,67.02,8328.83
168830,67.02,8328.83
168840,67.02,8328.83
168850,67.02,8328.83
168860,67.02,8252.29
168870,67.02,8252.29
168880,67.02,8252.29
168890,67.02,8252.29
168900,67.02,8252.29
168910,67.02,8252.29
168920,67.02,8252.29
168930,67.02,8252.29
168940,67.02,8252.29
168950,67.02,8252.29
168960,67.02,8252.29
168970,67.02,8252.29
168980,67.02,8252.29
168990,67.07,8252.29
169000,67.07,8252.29
169010,67.07,8252.29
169020,67.07,8252.29
169030,67.07,8252.29
169040,67.07,8252.29
169050,67.07,8252.29
169060,67.07,8252.29
169070,67.07,8252.29
169080,67.07,8252.29
169090,67.07,8306.53
169100,67.07,8306.53
169110,67.07,8306.53
169120,67.07,8306.53
169130,67.07,8306.53
169140,67.07,8306.53
169150,67.07,8306.53
169160,67.07,8306.53
169170,67.07,8306.53
169180,67.07,8306.53
169190,67.07,8306.53
169200,67.07,8306.53
169210,67.07,8306.53
169220,67.07,8306.53
169230,67.07,8306.53
169240,67.07,8306.53
169250,66.53,8306.53
169260,66.53,8306.53
169270,66.53,8306.53
169280,66.53,8306.53
169290,66.53,8306.53
169300,66.53,8306.53
169310,66.53,8306.53
169320,66.53,8306.53
169330,66.53,8306.53
169340,66.53,8306.53
169350,66.53,8306.53
169360,66.53,8306.53
169370,66.53,8306.53
169380,66.53,8306.53
169390,66.53,8306.53
169400,66.53,8230.42
169410,66.53,8230.42
169420,66.53,8230.42
169430,66.53,8230.42
169440,66.53,8230.42
169450,66.53,8230.42
169460,66.53,8230.42
169470,66.53,8230.42
169480,66.53,8230.42
169490,66.53,8230.42
169500,66.53,8230.42
169510,66.53,8230.42
169520,66.53,8230.42
169530,66.53,8230.42
169540,66.53,8230.42
169550,66.53,8230.42
169560,66.53,8230.42
169570,66.53,8230.42
169580,66.53,8230.42
169590,66.53,8230.42
169600,66.53,8230.42
169610,66.53,8230.42
169620,66.53,8230.42
169630,66.53,8230.42
169640,66.53,8230.42
169650,66.53,8230.42
169660,66.04,8230.42
169670,66.04,8142.23
169680,66.04,8142.23
169690,66.04,8142.23
169700,66.04,8142.23
169710,66.04,8142.23
169720,66.04,8142.23
169730,66.04,8142.23
169740,66.04,8142.23
169750,66.04,8142.23
169760,66.04,8142.23
169770,66.04,8142.23
169780,66.04,8142.23
169790,66.04,8142.23
169800,66.04,8142.23
169810,66.04,8142.23
169820,66.04,8142.23
169830,66.04,8142.23
169840,66.04,8142.23
169850,66.04,8142.23
169860,66.04,8142.23
169870,66.04,8142.23
169880,66.04,8142.23
169890,66.04,8142.23
169900,66.04,8142.23
169910,66.04,8142.23
169920,66.04,8142.23
169930,66.04,8142.23
169940,66.04,8142.23
169950,66.04,8142.23
169960,66.04,8142.23
169970,66.04,8142.23
169980,66.04,8142.23
169990,66.04,8142.23
170000,66.04,8142.23
170010,66.04,8142.23
170020,66.04,8142.23
170030,66.04,8142.23
170040,66.04,8142.23
170050,66.04,8142.23
170060,66.04,8142.23
170070,66.04,8142.23
170080,66.04,8142.23
170090,66.04,8142.23
170100,66.04,8142.23
170110,66.04,8142.23
170120,66.21,8142.23
170130,66.21,8142.23
170140,66.21,8142.23
170150,66.21,8142.23
170160,66.21,8291.34
170170,66.21,8291.34
170180,66.21,8291.34
170190,66.21,8291.34
170200,66.21,8291.34
170210,66.21,8291.34
170220,66.21,8291.34
170230,66.21,8291.34
170240,66.21,8291.34
170250,66.21,8291.34
170260,66.21,8291.34
170270,66.21,8291.34
170280,66.21,8291.34
170290,66.21,8291.34
170300,66.21,8291.34
170310,66.21,8291.34
170320,66.04,8291.34
170330,66.04,8291.34
170340,66.04,8291.34
170350,66.04,8291.34
170360,66.04,8291.34
170370,66.04,8291.34
170380,66.04,8291.34
170390,66.04,8291.34
170400,66.04,8291.34
170410,66.04,8291.34
170420,66.04,8291.34
170430,66.04,8291.34
170440,66.04,8291.34
170450,66.04,8291.34
170460,66.04,8291.34
170470,66.04,8291.34
170480,66.04,8291.34
170490,66.04,8291.34
170500,66.04,8291.34
170510,66.04,8291.34
170520,66.04,8291.34
170530,66.04,8291.34
170540,66.04,8291.34
170550,66.04,8291.34
170560,66.04,8172.33
170570,66.04,8172.33
170580,66.04,8172.33
170590,66.04,8172.33
170600,66.04,8172.33
170610,66.04,8172.33
170620,66.04,8172.33
170630,66.04,8172.33
170640,66.04,8172.33
170650,66.04,8172.33
170660,66.04,8172.33
170670,66.04,8172.33
170680,66.04,8172.33
170690,66.04,8172.33
170700,66.04,8172.33
170710,66.04,8172.33
170720,66.04,8172.33
170730,66.04,8172.33
170740,66.04,8172.33
170750,66.04,8172.33
170760,66.5,8172.33
170770,66.5,8172.33
170780,66.5,8172.33
170790,66.5,8172.33
170800,66.5,8172.33
170810,66.5,8172.33
170820,66.5,8172.33
170830,66.5,8172.33
170840,66.5,8172.33
170850,66.5,8172.33
170860,66.5,8172.33
170870,66.5,8172.33
170880,66.5,8172.33
170890,66.5,8172.33
170900,66.5,8172.33
170910,66.5,8172.33
170920,66.5,8172.33
170930,66.5,8172.33
170940,66.5,8172.33
170950,66.5,8172.33
170960,66.5,8172.33
170970,66.5,8172.33
170980,66.5,8172.33
170990,66.5,8172.33
171000,66.5,8172.33
171010,66.5,8172.33
171020,66.5,8172.33
171030,66.5,8253.8
171040,66.5,8253.8
171050,66.5,8253.8
171060,66.47,8253.8
171070,66.47,8253.8
171080,66.47,8253.8
171090,66.47,8253.8
171100,66.47,8253.8
171110,66.47,8253.8
171120,66.47,8253.8
171130,66.47,8253.8
171140,66.47,8253.8
171150,66.47,8253.8
171160,66.47,8253.8
171170,66.47,8253.8
171180,66.47,8253.8
171190,66.47,8253.8
171200,66.47,8253.8
171210,66.47,8253.8
171220,66.47,8253.8
171230,66.47,8253.8
171240,66.47,8253.8
171250,66.47,8253.8
171260,66.47,8253.8
171270,66.47,8253.8
171280,66.47,8253.8
171290,66.47,8253.8
171300,66.47,8253.8
171310,66.47,8253.8
171320,66.47,8253.8
171330,66.47,8253.8
171340,66.47,8253.8
171350,66.47,8253.8
171360,66.47,8253.8
171370,66.47,8253.8
171380,66.47,8103.44
171390,66.47,8103.44
171400,66.47,8103.44
171410,66.47,8103.44
171420,66.47,8103.44
171430,66.47,8103.44
171440,66.47,8103.44
171450,66.47,8103.44
171460,66.47,8103.44
171470,66.47,8103.44
171480,66.47,8103.44
171490,66.47,8103.44
171500,66.47,8103.44
171510,66.47,8103.44
171520,67.01,8103.44
171530,67.01,8103.44
171540,67.01,8103.44
171550,67.01,8103.44
171560,67.01,8103.44
171570,67.01,8103.44
171580,67.01,8103.44
171590,67.01,8103.44
171600,67.01,8103.44
171610,67.01,8103.44
171620,67.01,8103.44
171630,67.01,8103.44
171640,67.01,8103.44
171650,67.01,8103.44
171660,67.01,8103.44
171670,67.01,8020.68
171680,67.01,8020.68
171690,67.01,8020.68
171700,67.01,8020.68
171710,67.01,8020.68
171720,67.01,8020.68
171730,67.01,8020.68
171740,67.01,8020.68
171750,66.58,8020.68
171760,66.58,8020.68
171770,66.58,8020.68
171780,66.58,8020.68
171790,66.58,8020.68
171800,66.58,8020.68
171810,66.58,8020.68
171820,66.58,8020.68
171830,66.58,8020.68
171840,66.58,8020.68
171850,66.58,8020.68
171860,66.58,8020.68
171870,66.58,8020.68
171880,66.58,8020.68
171890,66.58,8020.68
171900,66.58,8056.95
171910,66.58,8056.95
171920,66.58,8056.95
171930,66.58,8056.95
171940,66.58,8056.95
171950,66.58,8056.95
171960,66.58,8056.95
171970,66.58,8056.95
171980,66.58,8056.95
171990,66.58,8056.95
172000,66.58,8056.95
172010,66.58,8056.95
172020,66.58,8056.95
172030,66.58,8056.95
172040,66.58,8056.95
172050,66.58,8056.95
172060,66.58,8056.95
172070,66.58,8056.95
172080,66.58,8056.95
172090,66.58,8056.95
172100,66.58,8056.95
172110,66.58,8056.95
172120,67.07,8056.95
172130,67.07,8056.95
172140,67.07,8056.95
172150,67.07,8056.95
172160,67.07,8056.95
172170,67.07,8056.95
172180,67.07,8056.95
172190,67.07,8056.95
172200,67.07,8056.95
172210,67.07,8056.95
172220,67.07,8056.95
172230,67.07,8056.95
172240,67.07,8056.95
172250,67.07,8056.95
172260,67.07,8056.95
172270,67.07,8056.95
172280,67.07,8056.95
172290,67.07,8056.95
172300,67.07,8056.95
172310,67.07,8000.0
172320,67.07,8000.0
172330,67.07,8000.0
172340,67.07,8000.0
172350,67.07,8000.0
172360,66.7,8000.0
172370,66.7,8000.0
172380,66.7,8000.0
172390,66.7,8000.0
172400,66.7,8000.0
172410,66.7,8000.0
172420,66.7,8000.0
172430,66.7,8000.0
172440,66.7,8000.0
172450,66.7,8000.0
172460,66.7,8000.0
172470,66.7,8000.0
172480,66.7,8000.0
172490,66.7,8000.0
172500,66.7,8000.0
172510,66.7,8000.0
172520,66.7,8000.0
172530,66.7,8000.0
172540,66.7,8000.0
172550,66.7,8000.0
172560,66.7,8000.0
172570,66.7,8000.0
172580,66.7,8000.0
172590,66.7,8000.0
172600,66.7,8000.0
172610,66.7,8000.0
172620,66.7,8000.0
172630,66.7,8000.0
172640,66.7,8000.0
172650,66.7,8000.0
172660,66.7,8000.0
172670,66.7,8000.0
172680,66.7,8000.0
172690,66.7,8000.0
172700,66.7,8000.0
172710,66.7,8000.0
172720,66.7,8000.0
172730,66.35,8000.0
172740,66.35,8000.0
172750,66.35,8000.0
172760,66.35,8000.0
172770,66.35,8000.0
172780,66.35,8000.0
172790,66.35,8000.0
172800,66.35,8000.0
172810,66.35,8000.0
172820,66.35,8000.0
172830,66.35,8000.0
172840,66.35,8000.0
172850,66.35,8000.0
172860,66.35,8000.0
172870,66.35,8000.0
172880,66.35,8000.0
172890,66.35,8000.0
172900,66.35,8000.0
172910,66.35,8000.0
172920,66.35,8000.0
172930,66.35,8000.0
172940,66.35,8000.0
172950,66.35,8000.0
172960,66.35,8000.0
172970,66.35,8000.0
172980,66.35,8000.0
172990,66.35,8000.0
173000,66.35,8014.11
173010,66.35,8014.11
173020,66.35,8014.11
173030,66.35,8014.11
173040,66.35,8014.11
173050,66.35,8014.11
173060,66.35,8014.11
173070,66.35,8014.11
173080,66.35,8014.11
173090,66.35,8014.11
173100,66.35,8014.11
173110,66.35,8014.11
173120,66.6,8014.11
173130,66.6,8014.11
173140,66.6,8014.11
173150,66.6,8014.11
173160,66.6,8014.11
173170,66.6,8014.11
173180,66.6,8014.11
173190,66.6,8014.11
173200,66.6,8014.11
173210,66.6,8014.11
173220,66.6,8014.11
173230,66.6,8014.11
173240,66.6,8014.11
173250,66.6,8014.11
173260,66.6,8014.11
173270,66.6,8014.11
173280,66.6,8014.11
173290,66.6,8014.11
173300,66.6,8014.11
173310,66.6,8014.11
173320,66.6,8014.11
173330,66.6,8014.11
173340,66.6,8014.11
173350,66.6,8014.11
173360,66.6,8014.11
173370,66.6,8014.11
173380,66.6,8014.11
173390,66.6,8014.11
173400,66.6,8014.11
173410,66.6,8014.11
173420,66.6,8014.11
173430,66.6,8014.11
173440,66.6,8014.11
173450,66.6,8014.11
173460,66.6,8014.11
173470,66.6,8000.0
173480,66.6,8000.0
173490,66.6,8000.0
173500,66.6,8000.0
173510,66.52,8000.0
173520,66.52,8000.0
173530,66.52,8000.0
173540,66.52,8000.0
173550,66.52,8000.0
173560,66.52,8000.0
173570,66.52,8000.0
173580,66.52,8000.0
173590,66.52,8000.0
173600,66.52,8000.0
173610,66.52,8000.0
173620,66.52,8000.0
173630,66.52,8000.0
173640,66.52,8000.0
173650,66.52,8000.0
173660,66.52,8000.0
173670,66.52,8000.0
173680,66.52,8000.0
173690,66.52,8000.0
173700,66.52,8000.0
173710,66.52,8000.0
173720,66.52,8000.0
173730,66.52,8000.0
173740,66.52,8000.0
173750,66.52,8000.0
173760,66.52,8000.0
173770,66.52,8000.0
173780,66.52,8000.0
173790,66.52,8000.0
173800,66.52,8000.0
173810,66.52,8000.0
173820,66.52,8000.0
173830,66.52,8000.0
173840,66.52,8000.0
173850,66.52,8000.0
173860,66.85,8000.0
173870,66.85,8000.0
173880,66.85,8000.0
173890,66.85,8000.0
173900,66.85,8000.0
173910,66.85,8000.0
173920,66.85,8000.0
173930,66.85,8000.0
173940,66.85,8000.0
173950,66.85,8000.0
173960,66.85,8000.0
173970,66.85,8000.0
173980,66.85,8000.0
173990,66.85,8000.0
174000,66.85,8000.0
174010,66.85,8000.0
174020,66.85,8000.0
174030,66.85,8000.0
174040,66.85,8000.0
174050,66.85,8000.0
174060,66.85,8000.0
174070,66.85,8000.0
174080,66.85,8000.0
174090,66.85,8000.0
174100,66.85,8000.0
174110,66.35,8000.0
174120,66.35,8000.0
174130,66.35,8000.0
174140,66.35,8000.0
174150,66.35,8000.0
174160,66.35,8000.0
174170,66.35,8000.0
174180,66.35,8000.0
174190,66.35,8000.0
174200,66.35,8000.0
174210,66.35,8000.0
174220,66.35,8000.0
174230,66.35,8000.0
174240,66.35,8000.0
174250,66.35,8000.0
174260,66.35,8000.0
174270,66.35,8000.0
174280,66.35,8000.0
174290,66.35,8000.0
174300,66.35,8000.0
174310,66.35,8000.0
174320,66.35,8000.0
174330,66.35,8000.0
174340,66.35,8000.0
174350,66.35,8000.0
174360,66.35,8000.0
174370,66.35,8000.0
174380,66.35,8000.0
174390,66.35,8000.0
174400,66.35,8000.0
174410,66.35,8000.0
174420,66.35,8000.0
174430,66.35,8000.0
174440,66.35,8000.0
174450,66.35,8000.0
174460,66.35,8000.0
174470,66.35,8000.0
174480,66.35,8000.0
174490,66.69,8000.0
174500,66.69,8000.0
174510,66.69,8000.0
174520,66.69,8000.0
174530,66.69,8000.0
174540,66.69,8000.0
174550,66.69,8000.0
174560,66.69,8000.0
174570,66.69,8000.0
174580,66.69,8000.0
174590,66.69,8000.0
174600,66.69,8000.0
174610,66.69,8000.0
174620,66.69,8000.0
174630,66.69,8000.0
174640,66.69,8000.0
174650,66.69,8000.0
174660,66.69,8000.0
174670,66.69,8000.0
174680,66.69,8000.0
174690,66.69,8000.0
174700,66.69,8000.0
174710,66.69,8000.0
174720,66.69,8000.0
174730,66.69,8000.0
174740,66.69,8000.0
174750,66.69,8000.0
174760,66.69,8000.0
174770,66.69,8000.0
174780,66.69,8000.0
174790,66.69,8000.0
174800,66.69,8000.0
174810,66.69,8000.0
174820,66.69,8000.0
174830,66.69,8000.0
174840,66.44,8000.0
174850,66.44,8000.0
174860,66.44,8000.0
174870,66.44,8000.0
174880,66.44,8000.0
174890,66.44,8000.0
174900,66.44,8000.0
174910,66.44,8000.0
174920,66.44,8000.0
174930,66.44,8137.95
174940,66.44,8137.95
174950,66.44,8137.95
174960,66.44,8137.95
174970,66.44,8137.95
174980,66.44,8137.95
174990,66.44,8137.95
175000,66.44,8137.95
175010,66.44,8137.95
175020,66.44,8137.95
175030,66.44,8137.95
175040,66.44,8137.95
175050,66.44,8137.95
175060,66.44,8137.95
175070,66.44,8137.95
175080,66.44,8137.95
175090,66.44,8137.95
175100,66.44,8137.95
175110,66.44,8137.95
175120,66.44,8137.95
175130,66.44,8137.95
175140,66.44,8137.95
175150,66.44,8137.95
175160,66.44,8137.95
175170,66.44,8137.95
175180,66.44,8137.95
175190,66.44,8137.95
175200,66.44,8137.95
175210,66.44,8137.95
175220,66.44,8137.95
175230,66.07,8137.95
175240,66.07,8137.95
175250,66.07,8137.95
175260,66.07,8137.95
175270,66.07,8137.95
175280,66.07,8137.95
175290,66.07,8137.95
175300,66.07,8259.45
175310,66.07,8259.45
175320,66.07,8259.45
175330,66.07,8259.45
175340,66.07,8259.45
175350,66.07,8259.45
175360,66.07,8259.45
175370,66.07,8259.45
175380,66.07,8259.45
175390,66.07,8259.45
175400,66.07,8259.45
175410,66.07,8259.45
175420,66.07,8259.45
175430,66.07,8259.45
175440,66.07,8259.45
175450,66.07,8259.45
175460,66.07,8259.45
175470,66.07,8259.45
175480,66.07,8259.45
175490,66.07,8259.45
175500,66.07,8259.45
175510,66.07,8259.45
175520,66.07,8259.45
175530,66.07,8094.09
175540,66.07,8094.09
175550,66.07,8094.09
175560,66.07,8094.09
175570,66.07,8094.09
175580,66.07,8094.09
175590,66.21,8094.09
175600,66.21,8094.09
175610,66.21,8094.09
175620,66.21,8094.09
175630,66.21,8094.09
175640,66.21,8094.09
175650,66.21,8094.09
175660,66.21,8094.09
175670,66.21,8094.09
175680,66.21,8094.09
175690,66.21,8094.09
175700,66.21,8094.09
175710,66.21,8094.09
175720,66.21,8094.09
175730,66.21,8094.09
175740,66.21,8094.09
175750,66.21,8094.09
175760,66.21,8094.09
175770,66.21,8094.09
175780,66.21,8094.09
175790,66.21,8094.09
175800,66.21,8094.09
175810,66.21,8094.09
175820,66.21,8094.09
175830,66.21,8094.09
175840,66.21,8094.09
175850,66.21,8094.09
175860,66.21,8094.09
175870,66.21,8094.09
175880,66.21,8066.68
175890,66.21,8066.68
175900,66.21,8066.68
175910,66.04,8066.68
175920,66.04,8066.68
175930,66.04,8066.68
175940,66.04,8066.68
175950,66.04,8066.68
175960,66.04,8066.68
175970,66.04,8066.68
175980,66.04,8066.68
175990,66.04,8066.68
176000,66.04,8066.68
176010,66.04,8066.68
176020,66.04,8066.68
176030,66.04,8066.68
176040,66.04,8066.68
176050,66.04,8066.68
176060,66.04,8066.68
176070,66.04,8066.68
176080,66.04,8066.68
176090,66.04,8066.68
176100,66.04,8066.68
176110,66.04,8066.68
176120,66.04,8066.68
176130,66.04,8066.68
176140,66.04,8066.68
176150,66.04,8066.68
176160,66.04,8066.68
176170,66.04,8066.68
176180,66.04,8066.68
176190,66.04,8066.68
176200,66.04,8066.68
176210,66.04,8066.68
176220,66.04,8066.68
176230,66.04,8066.68
176240,66.04,8030.6
176250,66.04,8030.6
176260,66.04,8030.6
176270,66.04,8030.6
176280,66.04,8030.6
176290,66.04,8030.6
176300,66.04,8030.6
176310,66.04,8030.6
176320,66.04,8030.6
176330,66.04,8030.6
176340,66.04,8030.6
176350,66.04,8030.6
176360,66.04,8030.6
176370,66.04,8030.6
176380,66.04,8030.6
176390,66.04,8030.6
176400,66.04,8030.6
176410,66.04,8030.6
176420,66.04,8030.6
176430,66.04,8030.6
176440,66.04,8030.6
176450,66.04,8030.6
176460,66.04,8030.6
176470,66.04,8030.6
176480,66.04,8030.6
176490,66.04,8030.6
176500,66.04,8030.6
176510,66.04,8030.6
176520,66.04,8030.6
176530,66.04,8030.6
176540,66.04,8030.6
176550,66.04,8030.6
176560,66.04,8030.6
176570,66.04,8030.6
176580,66.04,8030.6
176590,66.04,8030.6
176600,66.04,8030.6
176610,66.04,8030.6
176620,66.04,8030.6
176630,66.04,8002.3
176640,66.04,8002.3
176650,66.04,8002.3
176660,66.04,8002.3
176670,66.04,8002.3
176680,66.04,8002.3
176690,66.04,8002.3
176700,66.04,8002.3
176710,66.04,8002.3
176720,66.04,8002.3
176730,66.45,8002.3
176740,66.45,8002.3
176750,66.45,8002.3
176760,66.45,8002.3
176770,66.45,8002.3
176780,66.45,8002.3
176790,66.45,8002.3
176800,66.45,8002.3
176810,66.45,8002.3
176820,66.45,8002.3
176830,66.45,8002.3
176840,66.45,8002.3
176850,66.45,8002.3
176860,66.45,8002.3
176870,66.45,8109.21
176880,66.45,8109.21
176890,66.45,8109.21
176900,66.45,8109.21
176910,66.45,8109.21
176920,66.45,8109.21
176930,66.45,8109.21
176940,66.45,8109.21
176950,66.45,8109.21
176960,66.45,8109.21
176970,66.45,8109.21
176980,66.45,8109.21
176990,66.45,8109.21
177000,66.45,8109.21
177010,66.45,8109.21
177020,66.45,8109.21
177030,66.45,8109.21
177040,66.76,8109.21
177050,66.76,8109.21
177060,66.76,8109.21
177070,66.76,8109.21
177080,66.76,8109.21
177090,66.76,8109.21
177100,66.76,8109.21
177110,66.76,8109.21
177120,66.76,8109.21
177130,66.76,8109.21
177140,66.76,8109.21
177150,66.76,8109.21
177160,66.76,8109.21
177170,66.76,8109.21
177180,66.76,8109.21
177190,66.76,8018.17
177200,66.76,8018.17
177210,66.76,8018.17
177220,66.76,8018.17
177230,66.76,8018.17
177240,66.76,8018.17
177250,66.76,8018.17
177260,66.76,8018.17
177270,66.76,8018.17
177280,66.76,8018.17
177290,66.76,8018.17
177300,66.76,8018.17
177310,66.76,8018.17
177320,66.76,8018.17
177330,66.76,8018.17
177340,66.76,8018.17
177350,66.76,8018.17
177360,66.76,8018.17
177370,66.76,8018.17
177380,66.76,8018.17
177390,66.76,8018.17
177400,66.76,8018.17
177410,66.76,8018.17
177420,66.76,8000.0
177430,66.76,8000.0
177440,66.76,8000.0
177450,66.76,8000.0
177460,66.76,8000.0
177470,66.76,8000.0
177480,66.76,8000.0
177490,66.76,8000.0
177500,66.76,8000.0
177510,66.76,8000.0
177520,66.61,8000.0
177530,66.61,8000.0
177540,66.61,8000.0
177550,66.61,8000.0
177560,66.61,8000.0
177570,66.61,8000.0
177580,66.61,8000.0
177590,66.61,8000.0
177600,66.61,8000.0
177610,66.61,8000.0
177620,66.61,8000.0
177630,66.61,8000.0
177640,66.61,8000.0
177650,66.61,8000.0
177660,66.61,8000.0
177670,66.61,8000.0
177680,66.61,8000.0
177690,66.61,8000.0
177700,66.61,8000.0
177710,66.61,8000.0
177720,66.61,8000.0
177730,66.61,8000.0
177740,66.61,8000.0
177750,66.61,8000.0
177760,66.61,8000.0
177770,66.61,8000.0
177780,66.61,8000.0
177790,66.61,8000.0
177800,66.61,8000.0
177810,66.61,8000.0
177820,66.61,8000.0
177830,66.61,8000.0
177840,66.61,8000.0
177850,66.61,8000.0
177860,66.61,8000.0
177870,66.61,8000.0
177880,66.61,8068.32
177890,66.61,8068.32
177900,67.08,8068.32
177910,67.08,8068.32
177920,67.08,8068.32
177930,67.08,8068.32
177940,67.08,8068.32
177950,67.08,8068.32
177960,67.08,8068.32
177970,67.08,8068.32
177980,67.08,8068.32
177990,67.08,8068.32
178000,67.08,8068.32
178010,67.08,8068.32
178020,67.08,8068.32
178030,67.08,8068.32
178040,67.08,8068.32
178050,67.08,8068.32
178060,67.08,8068.32
178070,67.08,8068.32
178080,67.08,8068.32
178090,67.08,8068.32
178100,67.08,8068.32
178110,67.08,8068.32
178120,67.08,8068.32
178130,67.08,8068.32
178140,67.08,8068.32
178150,67.08,8068.32
178160,67.08,8068.32
178170,67.08,8068.32
178180,67.08,8113.25
178190,67.08,8113.25
178200,67.08,8113.25
178210,67.08,8113.25
178220,67.08,8113.25
178230,67.08,8113.25
178240,67.45,8113.25
178250,67.45,8113.25
178260,67.45,8113.25
178270,67.45,8113.25
178280,67.45,8113.25
178290,67.45,8113.25
178300,67.45,8113.25
178310,67.45,8113.25
178320,67.45,8113.25
178330,67.45,8113.25
178340,67.45,8113.25
178350,67.45,8113.25
178360,67.45,8113.25
178370,67.45,8113.25
178380,67.45,8113.25
178390,67.45,8113.25
178400,67.45,8113.25
178410,67.45,8113.25
178420,67.45,8113.25
178430,67.45,8113.25
178440,67.45,8113.25
178450,67.45,8113.25
178460,67.45,8113.25
178470,67.45,8113.25
178480,67.45,8113.25
178490,67.45,8113.25
178500,67.45,8113.25
178510,67.45,8113.25
178520,67.45,8113.25
178530,67.45,8113.25
178540,67.45,8113.25
178550,67.45,8113.25
178560,67.45,8037.19
178570,67.45,8037.19
178580,67.45,8037.19
178590,67.16,8037.19
178600,67.16,8037.19
178610,67.16,8037.19
178620,67.16,8037.19
178630,67.16,8037.19
178640,67.16,8037.19
178650,67.16,8037.19
178660,67.16,8037.19
178670,67.16,8037.19
178680,67.16,8037.19
178690,67.16,8037.19
178700,67.16,8037.19
178710,67.16,8037.19
178720,67.16,8037.19
178730,67.16,8037.19
178740,67.16,8037.19
178750,67.16,8037.19
178760,67.16,8037.19
178770,67.16,8037.19
178780,67.16,8037.19
178790,67.16,8037.19
178800,67.16,8037.19
178810,66.76,8037.19
178820,66.76,8037.19
178830,66.76,8117.27
178840,66.76,8117.27
178850,66.76,8117.27
178860,66.76,8117.27
178870,66.76,8117.27
178880,66.76,8117.27
178890,66.76,8117.27
178900,66.76,8117.27
178910,66.76,8117.27
178920,66.76,8117.27
178930,66.76,8117.27
178940,66.76,8117.27
178950,66.76,8117.27
178960,66.76,8117.27
178970,66.76,8117.27
178980,66.76,8117.27
178990,66.76,8117.27
179000,66.76,8117.27
179010,66.76,8117.27
179020,66.76,8117.27
179030,66.76,8117.27
179040,66.76,8117.27
179050,66.95,8117.27
179060,66.95,8117.27
179070,66.95,8117.27
179080,66.95,8117.27
179090,66.95,8117.27
179100,66.95,8117.27
179110,66.95,8117.27
179120,66.95,8117.27
179130,66.95,8117.27
179140,66.95,8117.27
179150,66.95,8117.27
179160,66.95,8117.27
179170,66.95,8117.27
179180,66.95,8117.27
179190,66.95,8117.27
179200,66.95,8117.27
179210,66.95,8117.27
179220,66.95,8117.27
179230,66.95,8000.0
179240,66.95,8000.0
179250,66.95,8000.0
179260,66.95,8000.0
179270,66.95,8000.0
179280,66.95,8000.0
179290,66.95,8000.0
179300,66.95,8000.0
179310,66.95,8000.0
179320,67.06,8000.0
179330,67.06,8000.0
179340,67.06,8000.0
179350,67.06,8000.0
179360,67.06,8000.0
179370,67.06,8000.0
179380,67.06,8000.0
179390,67.06,8000.0
179400,67.06,8000.0
179410,67.06,8000.0
179420,67.06,8000.0
179430,67.06,8000.0
179440,67.06,8000.0
179450,67.06,8000.0
179460,67.06,8000.0
179470,67.06,8000.0
179480,67.06,8000.0
179490,67.06,8000.0
179500,67.06,8000.0
179510,67.06,8000.0
179520,67.06,8000.0
179530,67.06,8000.0
179540,67.06,8000.0
179550,67.06,8000.0
179560,67.06,8000.0
179570,67.06,8000.0
179580,67.06,8000.0
179590,67.06,8000.0
179600,67.06,8000.0
179610,67.06,8000.0
179620,67.06,8000.0
179630,67.06,8000.0
179640,67.06,8000.0
179650,67.06,8000.0
179660,67.16,8000.0
179670,67.16,8000.0
179680,67.16,8000.0
179690,67.16,8000.0
179700,67.16,8000.0
179710,67.16,8000.0
179720,67.16,8000.0
179730,67.16,8000.0
179740,67.16,8000.0
179750,67.16,8000.0
179760,67.16,8000.0
179770,67.16,8000.0
179780,67.16,8000.0
179790,67.16,8000.0
179800,67.16,8000.0
179810,67.16,8000.0
179820,67.16,8000.0
179830,67.16,8000.0
179840,67.16,8000.0
179850,67.16,8000.0
179860,67.16,8000.0
179870,67.16,8000.0
179880,67.16,8000.0
179890,67.16,8000.0
179900,67.16,8000.0
179910,67.16,8000.0
179920,67.16,8000.0
179930,67.16,8000.0
179940,67.16,8000.0
179950,67.16,8064.5
179960,67.16,8064.5
179970,67.16,8064.5
179980,67.16,8064.5
179990,67.16,8064.5
180000,67.16,8064.5
180010,67.16,8064.5
180020,67.16,8064.5
180030,67.16,8064.5
180040,67.16,8064.5
180050,67.16,8064.5
180060,67.16,8064.5
180070,67.16,8064.5
180080,67.16,8064.5
180090,67.16,8064.5
180100,67.16,8064.5
180110,67.16,8064.5
180120,67.45,8064.5
180130,67.45,8064.5
180140,67.45,8064.5
180150,67.45,8064.5
180160,67.45,8064.5
180170,67.45,8064.5
180180,67.45,8064.5
180190,67.45,8064.5
180200,67.45,8064.5
180210,67.45,8064.5
180220,67.45,8064.5
180230,67.45,8064.5
180240,67.45,8064.5
180250,67.45,8064.5
180260,67.45,8064.5
180270,67.45,8064.5
180280,67.45,8064.5
180290,67.45,8064.5
180300,67.45,8064.5
180310,67.45,8064.5
180320,67.45,8064.5
180330,67.45,8064.5
180340,67.32,8064.5
180350,67.32,8064.5
180360,67.32,8064.5
180370,67.32,8064.5
180380,67.32,8000.0
180390,67.32,8000.0
180400,67.32,8000.0
180410,67.32,8000.0
180420,67.32,8000.0
180430,67.32,8000.0
180440,67.32,8000.0
180450,67.32,8000.0
180460,67.32,8000.0
180470,67.32,8000.0
180480,67.32,8000.0
180490,67.32,8000.0
180500,67.32,8000.0
180510,67.32,8000.0
180520,67.32,8000.0
180530,67.32,8000.0
180540,67.32,8000.0
180550,67.32,8000.0
180560,67.32,8000.0
180570,67.32,8000.0
180580,67.32,8000.0
180590,67.32,8000.0
180600,67.86,8000.0
180610,67.86,8000.0
180620,67.86,8000.0
180630,67.86,8000.0
180640,67.86,8000.0
180650,67.86,8000.0
180660,67.86,8000.0
180670,67.86,8000.0
180680,67.86,8000.0
180690,67.86,8000.0
180700,67.86,8000.0
180710,67.86,8000.0
180720,67.86,8000.0
180730,67.86,8000.0
180740,67.86,8000.0
180750,67.86,8000.0
180760,67.86,8000.0
180770,67.86,8000.0
180780,67.86,8000.0
180790,67.86,8000.0
180800,68.25,8000.0
180810,68.25,8000.0
180820,68.25,8000.0
180830,68.25,8000.0
180840,68.25,8000.0
180850,68.25,8000.0
180860,68.25,8000.0
180870,68.25,8000.0
180880,68.25,8000.0
180890,68.25,8000.0
180900,68.25,8000.0
180910,68.25,8000.0
180920,68.25,8000.0
180930,68.25,8000.0
180940,68.25,8000.0
180950,68.25,8000.0
180960,68.25,8000.0
180970,68.25,8000.0
180980,68.25,8000.0
180990,68.25,8000.0
181000,68.25,8000.0
181010,68.25,8000.0
181020,68.45,8000.0
181030,68.45,8000.0
181040,68.45,8000.0
181050,68.45,8000.0
181060,68.45,8000.0
181070,68.45,8000.0
181080,68.45,8000.0
181090,68.45,8000.0
181100,68.45,8000.0
181110,68.45,8000.0
181120,68.45,8000.0
181130,68.45,8000.0
181140,68.45,8000.0
181150,68.45,8000.0
181160,68.45,8000.0
181170,68.45,8000.0
181180,68.45,8000.0
181190,68.45,8000.0
181200,68.45,8000.0
181210,68.45,8000.0
181220,68.45,8000.0
181230,68.45,8000.0
181240,68.45,8000.0
181250,68.45,8000.0
181260,68.45,8000.0
181270,68.45,8000.0
181280,68.45,8000.0
181290,68.45,8000.0
181300,68.45,8000.0
181310,68.45,8000.0
181320,68.45,8000.0
181330,68.45,8000.0
181340,68.45,8000.0
181350,68.45,8000.0
181360,68.45,8000.0
181370,68.45,8000.0
181380,68.45,8000.0
181390,68.45,8000.0
181400,68.45,8000.0
181410,68.45,8000.0
181420,68.45,8000.0
181430,68.45,8000.0
181440,68.45,8000.0
181450,68.45,8000.0
181460,68.45,8000.0
181470,68.45,8000.0
181480,68.45,8000.0
181490,68.27,8000.0
181500,68.27,8000.0
181510,68.27,8000.0
181520,68.27,8000.0
181530,68.27,8000.0
181540,68.27,8000.0
181550,68.27,8000.0
181560,68.27,8000.0
181570,68.27,8000.0
181580,68.27,8000.0
181590,68.27,8000.0
181600,68.27,8000.0
181610,68.27,8000.0
181620,68.27,8000.0
181630,68.27,8000.0
181640,68.27,8000.0
181650,68.27,8000.0
181660,68.27,8000.0
181670,68.27,8000.0
181680,68.27,8000.0
181690,68.27,8000.0
181700,68.27,8000.0
181710,68.27,8000.0
181720,68.27,8000.0
181730,68.27,8000.0
181740,68.27,8000.0
181750,68.27,8000.0
181760,68.27,8000.0
181770,68.77,8000.0
181780,68.77,8000.0
181790,68.77,8000.0
181800,68.77,8000.0
181810,68.77,8000.0
181820,68.77,8000.0
181830,68.77,8000.0
181840,68.77,8000.0
181850,68.77,8000.0
181860,68.77,8000.0
181870,68.77,8000.0
181880,68.77,8000.0
181890,68.77,8000.0
181900,68.77,8000.0
181910,68.77,8000.0
181920,68.77,8000.0
181930,68.77,8000.0
181940,68.77,8000.0
181950,68.77,8000.0
181960,68.77,8000.0
181970,68.77,8000.0
181980,68.77,8000.0
181990,68.77,8000.0
182000,68.77,8000.0
182010,68.77,8000.0
182020,68.77,8000.0
182030,68.77,8000.0
182040,68.77,8000.0
182050,68.77,8000.0
182060,68.77,8000.0
182070,68.77,8000.0
182080,68.77,8000.0
182090,68.77,8000.0
182100,68.77,8000.0
182110,68.77,8000.0
182120,68.77,8000.0
182130,68.77,8000.0
182140,68.77,8000.0
182150,69.23,8000.0
182160,69.23,8000.0
182170,69.23,8000.0
182180,69.23,8000.0
182190,69.23,8000.0
182200,69.23,8000.0
182210,69.23,8000.0
182220,69.23,8060.81
182230,69.23,8060.81
182240,69.23,8060.81
182250,69.23,8060.81
182260,69.23,8060.81
182270,69.23,8060.81
182280,69.23,8060.81
182290,69.23,8060.81
182300,69.23,8060.81
182310,69.23,8060.81
182320,69.23,8060.81
182330,69.23,8060.81
182340,69.23,8060.81
182350,69.23,8060.81
182360,69.23,8060.81
182370,69.23,8060.81
182380,69.23,8060.81
182390,69.23,8060.81
182400,69.23,8060.81
182410,69.23,8060.81
182420,69.23,8060.81
182430,69.23,8060.81
182440,69.23,8060.81
182450,69.23,8060.81
182460,69.23,8060.81
182470,69.23,8060.81
182480,69.23,8060.81
182490,69.23,8060.81
182500,69.23,8060.81
182510,69.23,8060.81
182520,69.23,8060.81
182530,69.23,8060.81
182540,69.23,8060.81
182550,69.23,8060.81
182560,69.23,8060.81
182570,69.77,8060.81
182580,69.77,8060.81
182590,69.77,8060.81
182600,69.77,8060.81
182610,69.77,8060.81
182620,69.77,8060.81
182630,69.77,8060.81
182640,69.77,8060.81
182650,69.77,8060.81
182660,69.77,8060.81
182670,69.77,8060.81
182680,69.77,8000.0
182690,69.77,8000.0
182700,69.77,8000.0
182710,69.77,8000.0
182720,69.77,8000.0
182730,69.77,8000.0
182740,69.77,8000.0
182750,69.77,8000.0
182760,69.77,8000.0
182770,69.77,8000.0
182780,69.77,8000.0
182790,69.77,8000.0
182800,69.77,8000.0
182810,69.77,8000.0
182820,69.77,8000.0
182830,69.77,8000.0
182840,69.77,8000.0
182850,69.77,8000.0
182860,69.77,8000.0
182870,69.27,8000.0
182880,69.27,8000.0
182890,69.27,8000.0
182900,69.27,8000.0
182910,69.27,8000.0
182920,69.27,8000.0
182930,69.27,8000.0
182940,69.27,8000.0
182950,69.27,8000.0
182960,69.27,8000.0
182970,69.27,8000.0
182980,69.27,8000.0
182990,69.27,8000.0
183000,69.27,8000.0
183010,69.27,8000.0
183020,69.27,8000.0
183030,69.27,8000.0
183040,69.27,8000.0
183050,69.27,8000.0
183060,69.27,8000.0
183070,69.27,8000.0
183080,69.27,8000.0
183090,69.27,8000.0
183100,69.27,8000.0
183110,69.27,8000.0
183120,69.27,8000.0
183130,69.27,8000.0
183140,69.27,8000.0
183150,69.27,8000.0
183160,69.27,8000.0
183170,68.9,8000.0
183180,68.9,8000.0
183190,68.9,8000.0
183200,68.9,8000.0
183210,68.9,8000.0
183220,68.9,8000.0
183230,68.9,8000.0
183240,68.9,8000.0
183250,68.9,8000.0
183260,68.9,8000.0
183270,68.9,8000.0
183280,68.9,8000.0
183290,68.9,8000.0
183300,68.9,8000.0
183310,68.9,8000.0
183320,68.9,8000.0
183330,68.9,8000.0
183340,68.9,8000.0
183350,68.9,8000.0
183360,68.9,8000.0
183370,68.9,8000.0
183380,68.9,8000.0
183390,68.9,8000.0
183400,68.9,8000.0
183410,68.9,8000.0
183420,68.9,8000.0
183430,68.9,8000.0
183440,68.9,8000.0
183450,68.9,8000.0
183460,68.9,8000.0
183470,68.9,8000.0
183480,68.9,8000.0
183490,69.32,8000.0
183500,69.32,8000.0
183510,69.32,8000.0
183520,69.32,8000.0
183530,69.32,8000.0
183540,69.32,8000.0
183550,69.32,8000.0
183560,69.32,8000.0
183570,69.32,8000.0
183580,69.32,8000.0
183590,69.32,8000.0
183600,69.32,8156.09
183610,69.32,8156.09
183620,69.32,8156.09
183630,69.32,8156.09
183640,69.32,8156.09
183650,69.32,8156.09
183660,69.32,8156.09
183670,69.32,8156.09
183680,69.32,8156.09
183690,69.32,8156.09
183700,69.32,8156.09
183710,69.32,8156.09
183720,69.32,8156.09
183730,69.32,8156.09
183740,69.32,8156.09
183750,69.32,8156.09
183760,69.32,8156.09
183770,69.32,8156.09
183780,69.32,8156.09
183790,69.32,8156.09
183800,69.32,8156.09
183810,69.32,8156.09
183820,69.32,8156.09
183830,69.32,8156.09
183840,69.32,8156.09
183850,69.32,8156.09
183860,69.32,8156.09
183870,69.32,8156.09
183880,69.32,8220.75
183890,69.32,8220.75
183900,69.32,8220.75
183910,69.32,8220.75
183920,69.32,8220.75
183930,69.31,8220.75
183940,69.31,8220.75
183950,69.31,8220.75
183960,69.31,8220.75
183970,69.31,8220.75
183980,69.31,8220.75
183990,69.31,8220.75
184000,69.31,8220.75
184010,69.31,8220.75
184020,69.31,8220.75
184030,69.31,8220.75
184040,69.31,8220.75
184050,69.31,8220.75
184060,69.31,8220.75
184070,69.31,8220.75
184080,69.31,8220.75
184090,69.31,8220.75
184100,69.31,8220.75
184110,69.31,8220.75
184120,69.31,8220.75
184130,69.31,8220.75
184140,69.31,8220.75
184150,69.31,8220.75
184160,69.31,8220.75
184170,69.31,8220.75
184180,69.31,8220.75
184190,69.31,8220.75
184200,69.31,8220.75
184210,69.31,8220.75
184220,69.31,8220.75
184230,69.52,8385.41
184240,69.52,8385.41
184250,69.52,8385.41
184260,69.52,8385.41
184270,69.52,8385.41
184280,69.52,8385.41
184290,69.52,8385.41
184300,69.52,8385.41
184310,69.52,8385.41
184320,69.52,8385.41
184330,69.52,8385.41
184340,69.52,8385.41
184350,69.52,8385.41
184360,69.52,8385.41
184370,69.52,8385.41
184380,69.52,8385.41
184390,69.52,8385.41
184400,69.52,8385.41
184410,69.52,8385.41
184420,69.52,8385.41
184430,69.52,8385.41
184440,69.52,8385.41
184450,69.52,8385.41
184460,69.52,8385.41
184470,69.52,8385.41
184480,69.52,8385.41
184490,69.52,8385.41
184500,69.52,8385.41
184510,69.52,8427.62
184520,69.52,8427.62
184530,69.52,8427.62
184540,69.52,8427.62
184550,69.52,8427.62
184560,69.52,8427.62
184570,69.52,8427.62
184580,69.52,8427.62
184590,69.23,8427.62
184600,69.23,8427.62
184610,69.23,8427.62
184620,69.23,8427.62
184630,69.23,8427.62
184640,69.23,8427.62
184650,69.23,8427.62
184660,69.23,8427.62
184670,69.23,8427.62
184680,69.23,8427.62
184690,69.23,8427.62
184700,69.23,8427.62
184710,69.23,8427.62
184720,69.23,8427.62
184730,69.23,8427.62
184740,69.23,8427.62
184750,69.23,8423.07
184760,69.23,8423.07
184770,69.23,8423.07
184780,69.23,8423.07
184790,69.23,8423.07
184800,69.23,8423.07
184810,69.23,8423.07
184820,69.23,8423.07
184830,69.23,8423.07
184840,69.23,8423.07
184850,69.23,8423.07
184860,69.23,8423.07
184870,69.23,8423.07
184880,69.23,8423.07
184890,69.23,8423.07
184900,69.23,8423.07
184910,69.23,8423.07
184920,69.23,8423.07
184930,69.77,8423.07
184940,69.77,8423.07
184950,69.77,8423.07
184960,69.77,8423.07
184970,69.77,8423.07
184980,69.77,8423.07
184990,69.77,8423.07
185000,69.77,8423.07
185010,69.77,8453.53
185020,69.77,8453.53
185030,69.77,8453.53
185040,69.77,8453.53
185050,69.77,8453.53
185060,69.77,8453.53
185070,69.77,8453.53
185080,69.77,8453.53
185090,69.77,8453.53
185100,69.77,8453.53
185110,69.77,8453.53
185120,69.77,8453.53
185130,69.77,8453.53
185140,69.77,8453.53
185150,69.77,8453.53
185160,69.77,8453.53
185170,69.77,8453.53
185180,69.77,8453.53
185190,69.77,8453.53
185200,69.77,8453.53
185210,69.77,8453.53
185220,69.77,8453.53
185230,69.77,8453.53
185240,69.77,8453.53
185250,69.77,8453.53
185260,69.77,8453.53
185270,69.77,8453.53
185280,69.77,8453.53
185290,69.77,8453.53
185300,69.77,8453.53
185310,69.77,8453.53
185320,69.77,8453.53
185330,69.77,8453.53
185340,69.77,8453.53
185350,69.77,8453.53
185360,69.77,8453.53
185370,69.77,8453.53
185380,69.25,8453.53
185390,69.25,8453.53
185400,69.25,8453.53
185410,69.25,8453.53
185420,69.25,8453.53
185430,69.25,8453.53
185440,69.25,8453.53
185450,69.25,8453.53
185460,69.25,8453.53
185470,69.25,8453.53
185480,69.25,8449.68
185490,69.25,8449.68
185500,69.25,8449.68
185510,69.25,8449.68
185520,69.25,8449.68
185530,69.25,8449.68
185540,69.25,8449.68
185550,69.25,8449.68
185560,69.25,8449.68
185570,69.25,8449.68
185580,69.25,8449.68
185590,69.25,8449.68
185600,69.25,8449.68
185610,69.25,8449.68
185620,69.25,8449.68
185630,69.25,8449.68
185640,69.25,8449.68
185650,69.25,8449.68
185660,69.25,8449.68
185670,69.25,8449.68
185680,69.25,8449.68
185690,69.25,8449.68
185700,69.25,8449.68
185710,69.25,8449.68
185720,69.25,8449.68
185730,69.25,8449.68
185740,69.25,8449.68
185750,69.25,8449.68
185760,69.25,8449.68
185770,69.25,8449.68
185780,69.25,8449.68
185790,69.25,8449.68
185800,69.25,8449.68
185810,69.25,8449.68
185820,69.25,8449.68
185830,69.25,8449.68
185840,68.72,8449.68
185850,68.72,8449.68
185860,68.72,8449.68
185870,68.72,8449.68
185880,68.72,8449.68
185890,68.72,8449.68
185900,68.72,8449.68
185910,68.72,8449.68
185920,68.72,8449.68
185930,68.72,8449.68
185940,68.72,8405.42
185950,68.72,8405.42
185960,68.72,8405.42
185970,68.72,8405.42
185980,68.72,8405.42
185990,68.72,8405.42
186000,68.72,8405.42
186010,68.72,8405.42
186020,68.72,8405.42
186030,68.72,8405.42
186040,68.72,8405.42
186050,68.72,8405.42
186060,68.72,8405.42
186070,68.72,8405.42
186080,68.72,8405.42
186090,68.72,8405.42
186100,68.72,8405.42
186110,68.72,8405.42
186120,68.72,8405.42
186130,68.72,8405.42
186140,68.72,8405.42
186150,68.72,8405.42
186160,68.72,8405.42
186170,68.72,8405.42
186180,68.72,8405.42
186190,68.72,8405.42
186200,68.72,8405.42
186210,68.72,8405.42
186220,68.72,8405.42
186230,68.72,8405.42
186240,68.72,8405.42
186250,68.66,8405.42
186260,68.66,8405.42
186270,68.66,8320.56
186280,68.66,8320.56
186290,68.66,8320.56
186300,68.66,8320.56
186310,68.66,8320.56
186320,68.66,8320.56
186330,68.66,8320.56
186340,68.66,8320.56
186350,68.66,8320.56
186360,68.66,8320.56
186370,68.66,8320.56
186380,68.66,8320.56
186390,68.66,8320.56
186400,68.66,8320.56
186410,68.66,8320.56
186420,68.66,8320.56
186430,68.66,8320.56
186440,68.66,8320.56
186450,68.66,8320.56
186460,68.66,8320.56
186470,68.66,8320.56
186480,68.66,8320.56
186490,68.66,8320.56
186500,68.66,8320.56
186510,68.66,8320.56
186520,68.66,8248.34
186530,68.66,8248.34
186540,68.66,8248.34
186550,69.16,8248.34
186560,69.16,8248.34
186570,69.16,8248.34
186580,69.16,8248.34
186590,69.16,8248.34
186600,69.16,8248.34
186610,69.16,8248.34
186620,69.16,8248.34
186630,69.16,8248.34
186640,69.16,8248.34
186650,69.16,8248.34
186660,69.16,8248.34
186670,69.16,8248.34
186680,69.16,8248.34
186690,69.16,8248.34
186700,69.16,8248.34
186710,69.16,8248.34
186720,69.16,8248.34
186730,69.16,8248.34
186740,69.16,8242.0
186750,69.16,8242.0
186760,69.16,8242.0
186770,69.16,8242.0
186780,69.16,8242.0
186790,69.16,8242.0
186800,69.16,8242.0
186810,69.16,8242.0
186820,69.16,8242.0
186830,69.16,8242.0
186840,69.16,8242.0
186850,69.16,8242.0
186860,69.16,8242.0
186870,69.16,8242.0
186880,69.16,8242.0
186890,69.16,8242.0
186900,69.16,8242.0
186910,69.16,8242.0
186920,69.16,8242.0
186930,69.16,8242.0
186940,69.16,8242.0
186950,69.16,8242.0
186960,69.16,8242.0
186970,69.16,8242.0
186980,69.16,8242.0
186990,69.08,8242.0
187000,69.08,8242.0
187010,69.08,8242.0
187020,69.08,8242.0
187030,69.08,8242.0
187040,69.08,8242.0
187050,69.08,8242.0
187060,69.08,8392.58
187070,69.08,8392.58
187080,69.08,8392.58
187090,69.08,8392.58
187100,69.08,8392.58
187110,69.08,8392.58
187120,69.08,8392.58
187130,69.08,8392.58
187140,69.08,8392.58
187150,69.08,8392.58
187160,69.08,8392.58
187170,69.08,8392.58
187180,69.08,8392.58
187190,68.88,8392.58
187200,68.88,8392.58
187210,68.88,8392.58
187220,68.88,8392.58
187230,68.88,8392.58
187240,68.88,8392.58
187250,68.88,8392.58
187260,68.88,8392.58
187270,68.88,8392.58
187280,68.88,8392.58
187290,68.88,8392.58
187300,68.88,8392.58
187310,68.88,8392.58
187320,68.88,8392.58
187330,68.88,8392.58
187340,68.88,8392.58
187350,68.88,8392.58
187360,68.88,8392.58
187370,68.88,8392.58
187380,68.88,8392.58
187390,68.88,8392.58
187400,68.88,8392.58
187410,68.88,8392.58
187420,68.88,8392.58
187430,68.88,8392.58
187440,68.88,8392.58
187450,68.88,8392.58
187460,68.88,8392.58
187470,68.88,8392.58
187480,68.88,8392.58
187490,68.88,8392.58
187500,68.88,8392.58
187510,68.88,8513.86
187520,68.88,8513.86
187530,68.88,8513.86
187540,68.88,8513.86
187550,68.88,8513.86
187560,68.88,8513.86
187570,68.88,8513.86
187580,68.88,8513.86
187590,68.88,8513.86
187600,68.88,8513.86
187610,68.88,8513.86
187620,68.88,8513.86
187630,69.19,8513.86
187640,69.19,8513.86
187650,69.19,8513.86
187660,69.19,8513.86
187670,69.19,8513.86
187680,69.19,8513.86
187690,69.19,8513.86
187700,69.19,8513.86
187710,69.19,8513.86
187720,69.19,8513.86
187730,69.19,8513.86
187740,69.19,8513.86
187750,69.19,8513.86
187760,69.19,8513.86
187770,69.19,8513.86
187780,69.19,8513.86
187790,69.19,8513.86
187800,69.19,8513.86
187810,69.19,8513.86
187820,69.19,8513.86
187830,69.19,8513.86
187840,69.19,8513.86
187850,69.19,8506.38
187860,69.19,8506.38
187870,69.19,8506.38
187880,69.19,8506.38
187890,69.19,8506.38
187900,69.19,8506.38
187910,69.19,8506.38
187920,69.19,8506.38
187930,69.19,8506.38
187940,69.19,8506.38
187950,69.19,8506.38
187960,69.19,8506.38
187970,69.19,8506.38
187980,69.19,8506.38
187990,69.19,8506.38
188000,69.19,8506.38
188010,69.19,8506.38
188020,69.19,8506.38
188030,69.19,8506.38
188040,69.19,8506.38
188050,69.19,8506.38
188060,69.19,8506.38
188070,69.19,8506.38
188080,69.19,8506.38
188090,68.67,8506.38
188100,68.67,8506.38
188110,68.67,8506.38
188120,68.67,8506.38
188130,68.67,8506.38
188140,68.67,8506.38
188150,68.67,8506.38
188160,68.67,8506.38
188170,68.67,8506.38
188180,68.67,8506.38
188190,68.67,8643.61
188200,68.67,8643.61
188210,68.67,8643.61
188220,68.67,8643.61
188230,68.67,8643.61
188240,68.67,8643.61
188250,68.67,8643.61
188260,68.67,8643.61
188270,68.67,8643.61
188280,68.67,8643.61
188290,68.67,8643.61
188300,68.67,8643.61
188310,68.67,8643.61
188320,68.67,8643.61
188330,68.67,8643.61
188340,68.67,8643.61
188350,68.67,8643.61
188360,68.67,8643.61
188370,68.67,8643.61
188380,68.67,8643.61
188390,68.67,8643.61
188400,68.67,8643.61
188410,68.67,8643.61
188420,68.67,8643.61
188430,69.18,8643.61
188440,69.18,8643.61
188450,69.18,8643.61
188460,69.18,8643.61
188470,69.18,8643.61
188480,69.18,8643.61
188490,69.18,8671.93
188500,69.18,8671.93
188510,69.18,8671.93
188520,69.18,8671.93
188530,69.18,8671.93
188540,69.18,8671.93
188550,69.18,8671.93
188560,69.18,8671.93
188570,69.18,8671.93
188580,69.18,8671.93
188590,69.18,8671.93
188600,69.18,8671.93
188610,69.18,8671.93
188620,69.18,8671.93
188630,69.18,8671.93
188640,69.18,8671.93
188650,69.18,8671.93
188660,69.18,8671.93
188670,69.18,8671.93
188680,69.18,8671.93
188690,69.18,8671.93
188700,69.18,8671.93
188710,69.18,8671.93
188720,69.18,8671.93
188730,69.18,8508.53
188740,69.18,8508.53
188750,69.18,8508.53
188760,69.18,8508.53
188770,69.18,8508.53
188780,69.18,8508.53
188790,69.18,8508.53
188800,69.18,8508.53
188810,69.18,8508.53
188820,69.18,8508.53
188830,69.18,8508.53
188840,69.18,8508.53
188850,69.18,8508.53
188860,69.18,8508.53
188870,69.18,8508.53
188880,69.18,8508.53
188890,69.18,8508.53
188900,69.38,8508.53
188910,69.38,8508.53
188920,69.38,8508.53
188930,69.38,8508.53
188940,69.38,8508.53
188950,69.38,8508.53
188960,69.38,8508.53
188970,69.38,8508.53
188980,69.38,8508.53
188990,69.38,8447.74
189000,69.38,8447.74
189010,69.38,8447.74
189020,69.38,8447.74
189030,69.38,8447.74
189040,69.38,8447.74
189050,69.38,8447.74
189060,69.38,8447.74
189070,69.38,8447.74
189080,69.38,8447.74
189090,69.38,8447.74
189100,69.38,8447.74
189110,69.38,8447.74
189120,69.38,8447.74
189130,69.38,8447.74
189140,69.38,8447.74
189150,69.38,8447.74
189160,69.38,8447.74
189170,69.38,8447.74
189180,69.38,8447.74
189190,69.38,8447.74
189200,69.38,8447.74
189210,69.38,8447.74
189220,69.38,8447.74
189230,69.38,8595.44
189240,69.38,8595.44
189250,69.56,8595.44
189260,69.56,8595.44
189270,69.56,8595.44
189280,69.56,8595.44
189290,69.56,8595.44
189300,69.56,8595.44
189310,69.56,8595.44
189320,69.56,8595.44
189330,69.56,8595.44
189340,69.56,8595.44
189350,69.56,8595.44
189360,69.56,8595.44
189370,69.56,8595.44
189380,69.56,8595.44
189390,69.56,8595.44
189400,69.56,8595.44
189410,69.56,8595.44
189420,69.56,8595.44
189430,69.56,8595.44
189440,69.56,8595.44
189450,69.56,8595.44
189460,69.56,8595.44
189470,69.56,8595.44
189480,69.56,8595.44
189490,69.56,8595.44
189500,69.56,8595.44
189510,69.56,8595.44
189520,69.56,8614.27
189530,69.56,8614.27
189540,69.56,8614.27
189550,69.56,8614.27
189560,69.56,8614.27
189570,69.56,8614.27
189580,69.71,8614.27
189590,69.71,8614.27
189600,69.71,8614.27
189610,69.71,8614.27
189620,69.71,8614.27
189630,69.71,8614.27
189640,69.71,8614.27
189650,69.71,8614.27
189660,69.71,8614.27
189670,69.71,8614.27
189680,69.71,8614.27
189690,69.71,8614.27
189700,69.71,8614.27
189710,69.71,8614.27
189720,69.71,8614.27
189730,69.71,8614.27
189740,69.71,8498.21
189750,69.71,8498.21
189760,69.71,8498.21
189770,69.71,8498.21
189780,69.71,8498.21
189790,69.71,8498.21
189800,69.71,8498.21
189810,69.71,8498.21
189820,69.71,8498.21
189830,69.71,8498.21
189840,69.71,8498.21
189850,69.71,8498.21
189860,69.71,8498.21
189870,69.71,8498.21
189880,69.71,8498.21
189890,70.15,8498.21
189900,70.15,8498.21
189910,70.15,8498.21
189920,70.15,8498.21
189930,70.15,8498.21
189940,70.15,8498.21
189950,70.15,8498.21
189960,70.15,8498.21
189970,70.15,8498.21
189980,70.15,8636.4
189990,70.15,8636.4
190000,70.15,8636.4
190010,70.15,8636.4
190020,70.15,8636.4
190030,70.15,8636.4
190040,70.15,8636.4
190050,70.15,8636.4
190060,70.15,8636.4
190070,70.15,8636.4
190080,70.15,8636.4
190090,70.15,8636.4
190100,70.15,8636.4
190110,70.15,8636.4
190120,70.15,8636.4
190130,70.15,8636.4
190140,70.15,8636.4
190150,70.15,8636.4
190160,70.15,8636.4
190170,70.15,8636.4
190180,70.15,8636.4
190190,70.15,8636.4
190200,70.15,8636.4
190210,70.15,8636.4
190220,70.15,8636.4
190230,70.15,8636.4
190240,70.15,8636.4
190250,70.18,8636.4
190260,70.18,8636.4
190270,70.18,8636.4
190280,70.18,8636.4
190290,70.18,8636.4
190300,70.18,8636.4
190310,70.18,8491.2
190320,70.18,8491.2
190330,70.18,8491.2
190340,70.18,8491.2
190350,70.18,8491.2
190360,70.18,8491.2
190370,70.18,8491.2
190380,70.18,8491.2
190390,70.18,8491.2
190400,70.18,8491.2
190410,70.18,8491.2
190420,70.18,8491.2
190430,70.18,8491.2
190440,70.18,8491.2
190450,70.18,8491.2
190460,70.18,8491.2
190470,70.18,8491.2
190480,70.18,8491.2
190490,70.18,8491.2
190500,70.18,8491.2
190510,70.18,8491.2
190520,70.18,8491.2
190530,70.18,8491.2
190540,70.18,8491.2
190550,70.18,8491.2
190560,70.18,8491.2
190570,70.18,8491.2
190580,70.18,8491.2
190590,70.18,8491.2
190600,70.18,8491.2
190610,70.18,8491.2
190620,70.18,8491.2
190630,70.18,8491.2
190640,70.18,8491.2
190650,70.18,8491.2
190660,70.18,8491.2
190670,70.18,8491.2
190680,70.18,8384.02
190690,70.47,8384.02
190700,70.47,8384.02
190710,70.47,8384.02
190720,70.47,8384.02
190730,70.47,8384.02
190740,70.47,8384.02
190750,70.47,8384.02
190760,70.47,8384.02
190770,70.47,8384.02
190780,70.47,8384.02
190790,70.47,8384.02
190800,70.47,8384.02
190810,70.47,8384.02
190820,70.47,8384.02
190830,70.47,8384.02
190840,70.47,8384.02
190850,70.47,8384.02
190860,70.47,8384.02
190870,70.47,8384.02
190880,70.47,8327.53
190890,70.47,8327.53
190900,70.47,8327.53
190910,70.47,8327.53
190920,70.47,8327.53
190930,70.47,8327.53
190940,70.47,8327.53
190950,70.47,8327.53
190960,70.47,8327.53
190970,70.47,8327.53
190980,70.47,8327.53
190990,70.47,8327.53
191000,70.47,8327.53
191010,70.47,8327.53
191020,70.47,8327.53
191030,70.47,8327.53
191040,70.47,8327.53
191050,70.47,8327.53
191060,70.47,8327.53
191070,70.47,8327.53
191080,70.47,8327.53
191090,70.47,8327.53
191100,70.47,8327.53
191110,70.47,8327.53
191120,70.47,8327.53
191130,70.47,8327.53
191140,70.47,8327.53
191150,70.47,8327.53
191160,70.47,8327.53
191170,70.47,8327.53
191180,70.69,8327.53
191190,70.69,8327.53
191200,70.69,8327.53
191210,70.69,8327.53
191220,70.69,8327.53
191230,70.69,8327.53
191240,70.69,8327.53
191250,70.69,8327.53
191260,70.69,8327.53
191270,70.69,8327.53
191280,70.69,8327.53
191290,70.69,8327.53
191300,70.69,8327.53
191310,70.69,8327.53
191320,70.69,8327.53
191330,70.69,8327.53
191340,70.69,8248.96
191350,70.69,8248.96
191360,70.69,8248.96
191370,70.69,8248.96
191380,70.69,8248.96
191390,70.69,8248.96
191400,70.69,8248.96
191410,70.69,8248.96
191420,70.69,8248.96
191430,70.69,8248.96
191440,70.69,8248.96
191450,70.69,8248.96
191460,70.69,8248.96
191470,70.69,8248.96
191480,70.69,8248.96
191490,70.69,8248.96
191500,70.69,8248.96
191510,70.69,8248.96
191520,70.69,8248.96
191530,70.69,8248.96
191540,70.69,8248.96
191550,70.69,8248.96
191560,70.69,8248.96
191570,70.69,8248.96
191580,70.69,8248.96
191590,70.69,8248.96
191600,70.69,8248.96
191610,70.69,8248.96
191620,70.15,8235.94
191630,70.15,8235.94
191640,70.15,8235.94
191650,70.15,8235.94
191660,70.15,8235.94
191670,70.15,8235.94
191680,70.15,8235.94
191690,70.15,8235.94
191700,70.15,8235.94
191710,70.15,8235.94
191720,70.15,8235.94
191730,70.15,8235.94
191740,70.15,8235.94
191750,70.15,8235.94
191760,70.15,8235.94
191770,70.15,8235.94
191780,70.15,8235.94
191790,70.15,8235.94
191800,70.15,8235.94
191810,70.15,8235.94
191820,70.15,8235.94
191830,70.15,8235.94
191840,70.15,8086.17
191850,70.48,8086.17
191860,70.48,8086.17
191870,70.48,8086.17
191880,70.48,8086.17
191890,70.48,8086.17
191900,70.48,8086.17
191910,70.48,8086.17
191920,70.48,8086.17
191930,70.48,8086.17
191940,70.48,8086.17
191950,70.48,8086.17
191960,70.48,8086.17
191970,70.48,8086.17
191980,70.48,8086.17
191990,70.48,8086.17
192000,70.48,8086.17
192010,70.48,8086.17
192020,70.48,8086.17
192030,70.48,8086.17
192040,70.48,8086.17
192050,70.48,8086.17
192060,70.48,8086.17
192070,70.48,8086.17
192080,70.48,8086.17
192090,70.48,8086.17
192100,70.48,8086.17
192110,70.48,8086.17
192120,70.48,8086.17
192130,70.48,8086.17
192140,70.48,8086.17
192150,70.48,8086.17
192160,70.63,8086.17
192170,70.63,8086.17
192180,70.63,8086.17
192190,70.63,8086.17
192200,70.63,8086.17
192210,70.63,8086.17
192220,70.63,8086.17
192230,70.63,8086.17
192240,70.63,8086.17
192250,70.63,8086.17
192260,70.63,8163.09
192270,70.63,8163.09
192280,70.63,8163.09
192290,70.63,8163.09
192300,70.63,8163.09
192310,70.63,8163.09
192320,70.63,8163.09
192330,70.63,8163.09
192340,70.63,8163.09
192350,70.63,8163.09
192360,70.63,8163.09
192370,70.63,8163.09
192380,70.63,8163.09
192390,70.63,8163.09
192400,70.63,8163.09
192410,70.63,8163.09
192420,70.63,8163.09
192430,70.63,8163.09
192440,70.63,8163.09
192450,70.85,8163.09
192460,70.85,8163.09
192470,70.85,8163.09
192480,70.85,8163.09
192490,70.85,8163.09
192500,70.85,8163.09
192510,70.85,8163.09
192520,70.85,8163.09
192530,70.85,8163.09
192540,70.85,8163.09
192550,70.85,8163.09
192560,70.85,8163.09
192570,70.85,8163.78
192580,70.85,8163.78
192590,70.85,8163.78
192600,70.85,8163.78
192610,70.85,8163.78
192620,70.85,8163.78
192630,70.85,8163.78
192640,70.85,8163.78
192650,70.85,8163.78
192660,70.85,8163.78
192670,70.85,8163.78
192680,70.85,8163.78
192690,70.85,8163.78
192700,70.85,8163.78
192710,70.85,8163.78
192720,70.85,8163.78
192730,70.85,8163.78
192740,70.85,8163.78
192750,70.85,8163.78
192760,70.85,8163.78
192770,70.85,8163.78
192780,70.85,8163.78
192790,70.85,8163.78
192800,70.85,8163.78
192810,70.85,8163.78
192820,70.85,8163.78
192830,70.85,8163.78
192840,70.85,8163.78
192850,70.85,8163.78
192860,70.85,8163.78
192870,70.85,8163.78
192880,70.69,8163.78
192890,70.69,8163.78
192900,70.69,8163.78
192910,70.69,8163.78
192920,70.69,8163.78
192930,70.69,8163.78
192940,70.69,8163.78
192950,70.69,8163.78
192960,70.69,8171.85
192970,70.69,8171.85
192980,70.69,8171.85
192990,70.69,8171.85
193000,70.69,8171.85
193010,70.69,8171.85
193020,70.69,8171.85
193030,70.69,8171.85
193040,70.69,8171.85
193050,70.69,8171.85
193060,70.69,8171.85
193070,70.69,8171.85
193080,70.69,8171.85
193090,70.69,8171.85
193100,70.69,8171.85
193110,70.69,8171.85
193120,71.18,8171.85
193130,71.18,8171.85
193140,71.18,8171.85
193150,71.18,8171.85
193160,71.18,8171.85
193170,71.18,8171.85
193180,71.18,8171.85
193190,71.18,8171.85
193200,71.18,8171.85
193210,71.18,8171.85
193220,71.18,8171.85
193230,71.18,8171.85
193240,71.18,8171.85
193250,71.18,8171.85
193260,71.18,8171.85
193270,71.18,8171.85
193280,71.18,8171.85
193290,71.18,8171.85
193300,71.18,8171.85
193310,71.18,8171.85
193320,71.18,8171.85
193330,71.18,8171.85
193340,71.18,8171.85
193350,71.18,8171.85
193360,71.18,8171.85
193370,71.18,8171.85
193380,71.18,8171.85
193390,71.18,8171.85
193400,71.18,8171.85
193410,71.18,8206.91
193420,71.18,8206.91
193430,71.18,8206.91
193440,71.18,8206.91
193450,71.18,8206.91
193460,71.18,8206.91
193470,71.18,8206.91
193480,71.18,8206.91
193490,71.18,8206.91
193500,71.18,8206.91
193510,71.18,8206.91
193520,71.18,8206.91
193530,71.18,8206.91
193540,71.18,8206.91
193550,71.18,8206.91
193560,71.18,8206.91
193570,71.18,8206.91
193580,71.18,8206.91
193590,71.49,8206.91
193600,71.49,8206.91
193610,71.49,8206.91
193620,71.49,8206.91
193630,71.49,8206.91
193640,71.49,8206.91
193650,71.49,8206.91
193660,71.49,8206.91
193670,71.49,8206.91
193680,71.49,8206.91
193690,71.49,8206.91
193700,71.49,8206.91
193710,71.49,8206.91
193720,71.49,8206.91
193730,71.49,8206.91
193740,71.49,8206.91
193750,71.49,8206.91
193760,71.49,8206.91
193770,71.49,8206.91
193780,71.49,8206.91
193790,71.49,8206.91
193800,71.49,8206.91
193810,71.49,8206.91
193820,71.01,8206.91
193830,71.01,8206.91
193840,71.01,8206.91
193850,71.01,8206.91
193860,71.01,8230.53
193870,71.01,8230.53
193880,71.01,8230.53
193890,71.01,8230.53
193900,71.01,8230.53
193910,71.01,8230.53
193920,71.01,8230.53
193930,71.01,8230.53
193940,71.01,8230.53
193950,71.01,8230.53
193960,71.01,8230.53
193970,71.01,8230.53
193980,71.01,8230.53
193990,71.01,8230.53
194000,71.01,8230.53
194010,71.01,8230.53
194020,71.01,8230.53
194030,71.01,8230.53
194040,71.01,8230.53
194050,71.01,8230.53
194060,71.01,8230.53
194070,71.01,8230.53
194080,71.01,8230.53
194090,71.01,8230.53
194100,71.01,8230.53
194110,71.01,8230.53
194120,71.01,8230.53
194130,71.01,8230.53
194140,71.01,8230.53
194150,71.01,8230.53
194160,71.01,8230.53
194170,71.01,8230.53
194180,71.01,8230.53
194190,71.01,8230.53
194200,71.01,8230.53
194210,71.01,8230.53
194220,71.01,8230.53
194230,71.31,8230.53
194240,71.31,8230.53
194250,71.31,8230.53
194260,71.31,8230.53
194270,71.31,8230.53
194280,71.31,8230.53
194290,71.31,8230.53
194300,71.31,8341.43
194310,71.31,8341.43
194320,71.31,8341.43
194330,71.31,8341.43
194340,71.31,8341.43
194350,71.31,8341.43
194360,71.31,8341.43
194370,71.31,8341.43
194380,71.31,8341.43
194390,71.31,8341.43
194400,71.31,8341.43
194410,71.31,8341.43
194420,71.31,8341.43
194430,71.31,8341.43
194440,71.31,8341.43
194450,71.31,8341.43
194460,70.88,8341.43
194470,70.88,8341.43
194480,70.88,8341.43
194490,70.88,8341.43
194500,70.88,8341.43
194510,70.88,8341.43
194520,70.88,8341.43
194530,70.88,8341.43
194540,70.88,8341.43
194550,70.88,8341.43
194560,70.88,8341.43
194570,70.88,8341.43
194580,70.88,8341.43
194590,70.88,8341.43
194600,70.88,8341.43
194610,70.88,8341.43
194620,70.88,8341.43
194630,70.88,8341.43
194640,70.88,8341.43
194650,70.88,8341.43
194660,70.88,8341.43
194670,70.88,8341.43
194680,70.89,8341.43
194690,70.89,8341.43
194700,70.89,8341.43
194710,70.89,8341.43
194720,70.89,8341.43
194730,70.89,8341.43
194740,70.89,8341.43
194750,70.89,8341.43
194760,70.89,8341.43
194770,70.89,8233.37
194780,70.89,8233.37
194790,70.89,8233.37
194800,70.89,8233.37
194810,70.89,8233.37
194820,70.89,8233.37
194830,70.89,8233.37
194840,70.89,8233.37
194850,70.89,8233.37
194860,70.89,8233.37
194870,70.89,8233.37
194880,70.89,8233.37
194890,70.89,8233.37
194900,70.89,8233.37
194910,70.89,8233.37
194920,70.89,8233.37
194930,70.89,8233.37
194940,70.89,8233.37
194950,70.89,8233.37
194960,70.89,8233.37
194970,70.89,8233.37
194980,70.89,8233.37
194990,70.89,8233.37
195000,70.89,8233.37
195010,70.89,8233.37
195020,70.89,8233.37
195030,70.89,8233.37
195040,70.89,8233.37
195050,70.89,8233.37
195060,70.89,8131.54
195070,70.89,8131.54
195080,70.89,8131.54
195090,70.89,8131.54
195100,70.89,8131.54
195110,70.65,8131.54
195120,70.65,8131.54
195130,70.65,8131.54
195140,70.65,8131.54
195150,70.65,8131.54
195160,70.65,8131.54
195170,70.65,8131.54
195180,70.65,8131.54
195190,70.65,8131.54
195200,70.65,8131.54
195210,70.65,8131.54
195220,70.65,8131.54
195230,70.65,8131.54
195240,70.65,8131.54
195250,70.65,8131.54
195260,70.65,8131.54
195270,70.65,8131.54
195280,70.65,8131.54
195290,70.65,8131.54
195300,70.65,8131.54
195310,70.65,8131.54
195320,70.65,8131.54
195330,70.65,8131.54
195340,70.65,8131.54
195350,70.65,8131.54
195360,70.65,8131.54
195370,70.65,8131.54
195380,70.65,8131.54
195390,70.65,8131.54
195400,70.65,8131.54
195410,70.65,8131.54
195420,70.65,8131.54
195430,70.65,8131.54
195440,70.65,8131.54
195450,70.65,8131.54
195460,70.65,8131.54
195470,70.65,8131.54
195480,70.65,8131.54
195490,70.65,8049.6
195500,70.65,8049.6
195510,70.65,8049.6
195520,70.65,8049.6
195530,70.65,8049.6
195540,70.65,8049.6
195550,70.65,8049.6
195560,70.64,8049.6
195570,70.64,8049.6
195580,70.64,8049.6
195590,70.64,8049.6
195600,70.64,8049.6
195610,70.64,8049.6
195620,70.64,8049.6
195630,70.64,8049.6
195640,70.64,8049.6
195650,70.64,8049.6
195660,70.64,8049.6
195670,70.64,8049.6
195680,70.64,8049.6
195690,70.64,8049.6
195700,70.64,8049.6
195710,70.64,8049.6
195720,70.64,8049.6
195730,70.64,8049.6
195740,70.64,8049.6
195750,70.64,8049.6
195760,70.64,8049.6
195770,70.64,8049.6
195780,70.64,8049.6
195790,70.64,8049.6
195800,70.64,8049.6
195810,70.64,8049.6
195820,70.64,8049.6
195830,70.64,8049.6
195840,70.64,8049.6
195850,70.64,8049.6
195860,70.64,8049.6
195870,70.64,8049.6
195880,70.64,8049.6
195890,70.64,8049.6
195900,70.97,8049.6
195910,70.97,8049.6
195920,70.97,8049.6
195930,70.97,8049.6
195940,70.97,8171.42
195950,70.97,8171.42
195960,70.97,8171.42
195970,70.97,8171.42
195980,70.97,8171.42
195990,70.97,8171.42
196000,70.97,8171.42
196010,70.97,8171.42
196020,70.97,8171.42
196030,70.97,8171.42
196040,70.97,8171.42
196050,70.97,8171.42
196060,70.97,8171.42
196070,70.97,8171.42
196080,70.97,8171.42
196090,70.97,8171.42
196100,70.97,8171.42
196110,70.97,8171.42
196120,70.97,8171.42
196130,70.97,8171.42
196140,70.97,8171.42
196150,70.97,8171.42
196160,70.97,8171.42
196170,70.97,8171.42
196180,70.97,8171.42
196190,70.97,8171.42
196200,70.97,8171.42
196210,70.97,8171.42
196220,70.97,8171.42
196230,70.97,8171.42
196240,70.97,8171.42
196250,71.2,8171.42
196260,71.2,8171.42
196270,71.2,8171.42
196280,71.2,8171.42
196290,71.2,8171.42
196300,71.2,8171.42
196310,71.2,8171.42
196320,71.2,8171.42
196330,71.2,8171.42
196340,71.2,8171.42
196350,71.2,8171.42
196360,71.2,8171.42
196370,71.2,8171.42
196380,71.2,8171.42
196390,71.2,8171.42
196400,71.2,8249.66
196410,71.2,8249.66
196420,71.2,8249.66
196430,71.2,8249.66
196440,71.2,8249.66
196450,71.2,8249.66
196460,71.2,8249.66
196470,71.2,8249.66
196480,71.2,8249.66
196490,71.2,8249.66
196500,71.2,8249.66
196510,71.2,8249.66
196520,71.2,8249.66
196530,71.2,8249.66
196540,71.2,8249.66
196550,71.2,8249.66
196560,71.2,8249.66
196570,71.2,8249.66
196580,71.2,8249.66
196590,71.2,8249.66
196600,71.2,8249.66
196610,71.2,8249.66
196620,71.2,8249.66
196630,71.2,8249.66
196640,71.2,8249.66
196650,71.2,8249.66
196660,71.2,8249.66
196670,71.2,8249.66
196680,71.2,8249.66
196690,71.2,8249.66
196700,71.2,8249.66
196710,71.2,8249.66
196720,70.71,8249.66
196730,70.71,8249.66
196740,70.71,8249.66
196750,70.71,8249.66
196760,70.71,8249.66
196770,70.71,8249.66
196780,70.71,8249.66
196790,70.71,8249.66
196800,70.71,8094.79
196810,70.71,8094.79
196820,70.71,8094.79
196830,70.71,8094.79
196840,70.71,8094.79
196850,70.71,8094.79
196860,70.71,8094.79
196870,70.71,8094.79
196880,70.71,8094.79
196890,70.71,8094.79
196900,70.71,8094.79
196910,70.71,8094.79
196920,70.71,8094.79
196930,70.96,8094.79
196940,70.96,8094.79
196950,70.96,8094.79
196960,70.96,8094.79
196970,70.96,8094.79
196980,70.96,8094.79
196990,70.96,8094.79
197000,70.96,8094.79
197010,70.96,8094.79
197020,70.96,8094.79
197030,70.96,8094.79
197040,70.96,8094.79
197050,70.96,8094.79
197060,70.96,8094.79
197070,70.96,8094.79
197080,70.96,8094.79
197090,70.96,8094.79
197100,70.96,8094.79
197110,70.96,8094.79
197120,70.96,8094.79
197130,70.96,8094.79
197140,70.96,8094.79
197150,70.96,8094.79
197160,70.96,8094.79
197170,70.96,8094.79
197180,70.96,8094.79
197190,70.96,8094.79
197200,70.96,8094.79
197210,70.96,8094.79
197220,70.96,8094.79
197230,70.96,8094.79
197240,70.96,8094.79
197250,70.96,8094.79
197260,70.96,8094.79
197270,70.81,8094.79
197280,70.81,8168.46
197290,70.81,8168.46
197300,70.81,8168.46
197310,70.81,8168.46
197320,70.81,8168.46
197330,70.81,8168.46
197340,70.81,8168.46
197350,70.81,8168.46
197360,70.81,8168.46
197370,70.81,8168.46
197380,70.81,8168.46
197390,70.81,8168.46
197400,70.81,8168.46
197410,70.81,8168.46
197420,70.81,8168.46
197430,70.81,8168.46
197440,70.81,8168.46
197450,70.81,8168.46
197460,70.81,8168.46
197470,70.81,8168.46
197480,70.81,8168.46
197490,70.6,8168.46
197500,70.6,8168.46
197510,70.6,8168.46
197520,70.6,8168.46
197530,70.6,8168.46
197540,70.6,8168.46
197550,70.6,8168.46
197560,70.6,8168.46
197570,70.6,8168.46
197580,70.6,8168.46
197590,70.6,8168.46
197600,70.6,8168.46
197610,70.6,8168.46
197620,70.6,8168.46
197630,70.6,8168.46
197640,70.6,8168.46
197650,70.6,8168.46
197660,70.6,8171.4
197670,70.6,8171.4
197680,70.6,8171.4
197690,70.33,8171.4
197700,70.33,8171.4
197710,70.33,8171.4
197720,70.33,8171.4
197730,70.33,8171.4
197740,70.33,8171.4
197750,70.33,8171.4
197760,70.33,8171.4
197770,70.33,8171.4
197780,70.33,8171.4
197790,70.33,8171.4
197800,70.33,8171.4
197810,70.33,8171.4
197820,70.33,8171.4
197830,70.33,8171.4
197840,70.33,8171.4
197850,70.33,8171.4
197860,70.33,8171.4
197870,70.33,8171.4
197880,70.33,8171.4
197890,70.33,8171.4
197900,70.33,8171.4
197910,70.33,8171.4
197920,70.33,8171.4
197930,70.33,8171.4
197940,70.33,8171.4
197950,70.33,8171.4
197960,70.33,8171.4
197970,70.33,8171.4
197980,70.33,8171.4
197990,70.33,8171.4
198000,70.33,8171.4
198010,70.33,8171.4
198020,70.43,8171.4
198030,70.43,8171.4
198040,70.43,8028.56
198050,70.43,8028.56
198060,70.43,8028.56
198070,70.43,8028.56
198080,70.43,8028.56
198090,70.43,8028.56
198100,70.43,8028.56
198110,70.43,8028.56
198120,70.43,8028.56
198130,70.43,8028.56
198140,70.43,8028.56
198150,70.43,8028.56
198160,70.43,8028.56
198170,70.43,8028.56
198180,70.43,8028.56
198190,70.43,8028.56
198200,70.43,8028.56
198210,70.43,8028.56
198220,70.43,8028.56
198230,70.43,8028.56
198240,70.43,8028.56
198250,70.43,8028.56
198260,70.43,8028.56
198270,70.43,8028.56
198280,70.43,8028.56
198290,70.43,8028.56
198300,70.91,8028.56
198310,70.91,8028.56
198320,70.91,8028.56
198330,70.91,8028.56
198340,70.91,8028.56
198350,70.91,8028.56
198360,70.91,8028.56
198370,70.91,8028.56
198380,70.91,8028.56
198390,70.91,8028.56
198400,70.91,8028.56
198410,70.91,8028.56
198420,70.91,8104.05
198430,70.91,8104.05
198440,70.91,8104.05
198450,70.91,8104.05
198460,70.91,8104.05
198470,70.91,8104.05
198480,70.91,8104.05
198490,70.91,8104.05
198500,70.91,8104.05
198510,70.91,8104.05
198520,70.91,8104.05
198530,70.91,8104.05
198540,70.91,8104.05
198550,70.91,8104.05
198560,70.91,8104.05
198570,70.91,8104.05
198580,70.91,8104.05
198590,70.91,8104.05
198600,70.91,8104.05
198610,70.91,8104.05
198620,70.91,8104.05
198630,70.91,8104.05
198640,70.91,8104.05
198650,70.91,8104.05
198660,70.91,8104.05
198670,70.91,8104.05
198680,71.38,8180.16
198690,71.38,8180.16
198700,71.38,8180.16
198710,71.38,8180.16
198720,71.38,8180.16
198730,71.38,8180.16
198740,71.38,8180.16
198750,71.38,8180.16
198760,71.38,8180.16
198770,71.38,8180.16
198780,71.38,8180.16
198790,71.38,8180.16
198800,71.38,8180.16
198810,71.38,8180.16
198820,71.38,8180.16
198830,71.38,8180.16
198840,71.38,8180.16
198850,71.38,8180.16
198860,71.38,8180.16
198870,71.38,8180.16
198880,71.38,8180.16
198890,71.38,8085.71
198900,71.38,8085.71
198910,71.38,8085.71
198920,71.38,8085.71
198930,71.38,8085.71
198940,71.38,8085.71
198950,71.38,8085.71
198960,71.38,8085.71
198970,71.38,8085.71
198980,71.38,8085.71
198990,71.38,8085.71
199000,71.38,8085.71
199010,71.38,8085.71
199020,71.38,8085.71
199030,71.38,8085.71
199040,71.38,8085.71
199050,71.38,8085.71
199060,71.38,8085.71
199070,71.38,8085.71
199080,71.78,8085.71
199090,71.78,8085.71
199100,71.78,8085.71
199110,71.78,8085.71
199120,71.78,8085.71
199130,71.78,8085.71
199140,71.78,8085.71
199150,71.78,8085.71
199160,71.78,8085.71
199170,71.78,8085.71
199180,71.78,8085.71
199190,71.78,8085.71
199200,71.78,8085.71
199210,71.78,8085.71
199220,71.78,8228.62
199230,71.78,8228.62
199240,71.78,8228.62
199250,71.78,8228.62
199260,71.78,8228.62
199270,71.78,8228.62
199280,71.78,8228.62
199290,71.78,8228.62
199300,71.78,8228.62
199310,71.78,8228.62
199320,71.78,8228.62
199330,71.78,8228.62
199340,71.78,8228.62
199350,71.78,8228.62
199360,71.78,8228.62
199370,71.78,8228.62
199380,71.78,8228.62
199390,71.78,8228.62
199400,71.78,8228.62
199410,71.78,8228.62
199420,71.78,8228.62
199430,71.78,8228.62
199440,71.78,8309.86
199450,71.78,8309.86
199460,71.78,8309.86
199470,71.78,8309.86
199480,71.78,8309.86
199490,71.78,8309.86
199500,71.31,8309.86
199510,71.31,8309.86
199520,71.31,8309.86
199530,71.31,8309.86
199540,71.31,8309.86
199550,71.31,8309.86
199560,71.31,8309.86
199570,71.31,8309.86
199580,71.31,8309.86
199590,71.31,8309.86
199600,71.31,8309.86
199610,71.31,8309.86
199620,71.31,8309.86
199630,71.31,8309.86
199640,71.31,8309.86
199650,71.31,8309.86
199660,71.31,8309.86
199670,71.31,8309.86
199680,71.31,8309.86
199690,71.31,8309.86
199700,71.31,8309.86
199710,71.31,8309.86
199720,71.31,8309.86
199730,71.31,8309.86
199740,71.31,8309.86
199750,71.31,8309.86
199760,71.31,8309.86
199770,71.31,8309.86
199780,71.31,8309.86
199790,71.31,8309.86
199800,71.31,8309.86
199810,71.31,8309.86
199820,71.31,8309.86
199830,71.31,8309.86
199840,71.59,8309.86
199850,71.59,8309.86
199860,71.59,8309.86
199870,71.59,8309.86
199880,71.59,8309.86
199890,71.59,8354.9
199900,71.59,8354.9
199910,71.59,8354.9
199920,71.59,8354.9
199930,71.59,8354.9
199940,71.59,8354.9
199950,71.59,8354.9
199960,71.59,8354.9
199970,71.59,8354.9
199980,71.59,8354.9
199990,71.59,8354.9
200000,71.59,8354.9
200010,71.59,8354.9
200020,71.59,8354.9
200030,71.59,8354.9
200040,71.59,8354.9
200050,71.59,8354.9
200060,71.59,8354.9
200070,71.59,8354.9
200080,71.59,8354.9
200090,71.59,8354.9
200100,71.59,8354.9
200110,71.59,8354.9
200120,71.59,8354.9
200130,71.59,8354.9
200140,71.59,8354.9
200150,71.59,8354.9
200160,71.59,8354.9
200170,71.59,8354.9
200180,71.59,8354.9
200190,71.59,8354.9
200200,71.59,8354.9
200210,71.59,8354.9
200220,71.59,8354.9
200230,71.59,8354.9
200240,71.59,8354.9
200250,71.59,8354.9
200260,71.59,8354.9
200270,71.59,8354.9
200280,71.59,8354.9
200290,71.59,8354.9
200300,71.59,8354.9
200310,71.59,8354.9
200320,71.59,8354.9
200330,71.59,8354.9
200340,71.59,8354.9
200350,71.59,8354.9
200360,71.59,8354.9
200370,71.59,8232.12
200380,71.59,8232.12
200390,71.59,8232.12
200400,71.59,8232.12
200410,71.59,8232.12
200420,71.59,8232.12
200430,71.59,8232.12
200440,71.59,8232.12
200450,71.59,8232.12
200460,71.59,8232.12
200470,71.59,8232.12
200480,71.59,8232.12
200490,71.59,8232.12
200500,71.59,8232.12
200510,71.59,8232.12
200520,71.59,8232.12
200530,71.59,8232.12
200540,71.59,8232.12
200550,71.59,8232.12
200560,71.59,8232.12
200570,71.59,8232.12
200580,71.59,8232.12
200590,71.59,8232.12
200600,71.59,8232.12
200610,71.59,8232.12
200620,71.59,8232.12
200630,71.59,8232.12
200640,71.59,8232.12
200650,71.59,8232.12
200660,71.59,8232.12
200670,71.59,8232.12
200680,71.59,8238.11
200690,71.59,8238.11
200700,71.59,8238.11
200710,71.59,8238.11
200720,71.59,8238.11
200730,71.59,8238.11
200740,71.59,8238.11
200750,71.59,8238.11
200760,71.59,8238.11
200770,71.59,8238.11
200780,71.59,8238.11
200790,71.59,8238.11
200800,71.59,8238.11
200810,71.59,8238.11
200820,71.59,8238.11
200830,71.59,8238.11
200840,71.59,8238.11
200850,71.59,8238.11
200860,71.59,8238.11
200870,71.59,8238.11
200880,71.59,8238.11
200890,71.59,8238.11
200900,71.59,8238.11
200910,71.59,8238.11
200920,71.59,8238.11
200930,71.59,8238.11
200940,71.59,8238.11
200950,71.59,8238.11
200960,71.59,8238.11
200970,71.59,8238.11
200980,71.59,8238.11
200990,71.59,8238.11
201000,71.59,8238.11
201010,71.59,8238.11
201020,71.59,8238.11
201030,71.59,8238.11
201040,71.59,8238.11
201050,71.59,8238.11
201060,71.59,8238.11
201070,71.59,8238.11
201080,71.59,8238.11
201090,71.59,8238.11
201100,71.59,8238.11
201110,71.59,8238.11
201120,71.59,8238.11
201130,71.59,8238.11
201140,71.59,8238.11
201150,71.59,8191.07
201160,71.59,8191.07
201170,71.59,8191.07
201180,71.59,8191.07
201190,71.59,8191.07
201200,71.59,8191.07
201210,71.59,8191.07
201220,71.59,8191.07
201230,71.59,8191.07
201240,71.59,8191.07
201250,71.59,8191.07
201260,71.59,8191.07
201270,71.59,8191.07
201280,71.59,8191.07
201290,71.59,8191.07
201300,71.59,8191.07
201310,71.59,8191.07
201320,71.59,8191.07
201330,71.59,8191.07
201340,71.59,8191.07
201350,71.59,8191.07
201360,71.59,8191.07
201370,71.59,8191.07
201380,71.59,8191.07
201390,71.59,8191.07
201400,71.59,8191.07
201410,71.59,8191.07
201420,71.59,8191.07
201430,71.59,8191.07
201440,71.59,8191.07
201450,71.59,8191.07
201460,71.59,8191.07
201470,71.59,8191.07
201480,71.59,8191.07
201490,71.59,8191.07
201500,71.59,8191.07
201510,72.07,8191.07
201520,72.07,8191.07
201530,72.07,8271.55
201540,72.07,8271.55
201550,72.07,8271.55
201560,72.07,8271.55
201570,72.07,8271.55
201580,72.07,8271.55
201590,72.07,8271.55
201600,72.07,8271.55
201610,72.07,8271.55
201620,72.07,8271.55
201630,72.07,8271.55
201640,72.07,8271.55
201650,72.07,8271.55
201660,72.07,8271.55
201670,72.07,8271.55
201680,72.07,8271.55
201690,72.07,8271.55
201700,72.07,8271.55
201710,72.07,8271.55
201720,72.07,8271.55
201730,72.07,8271.55
201740,72.07,8271.55
201750,72.07,8271.55
201760,72.07,8159.48
201770,72.07,8159.48
201780,72.07,8159.48
201790,72.07,8159.48
201800,72.07,8159.48
201810,72.07,8159.48
201820,72.07,8159.48
201830,72.07,8159.48
201840,72.07,8159.48
201850,72.07,8159.48
201860,72.07,8159.48
201870,72.07,8159.48
201880,72.07,8159.48
201890,72.07,8159.48
201900,72.07,8159.48
201910,72.07,8159.48
201920,72.07,8159.48
201930,72.58,8159.48
201940,72.58,8159.48
201950,72.58,8159.48
201960,72.58,8159.48
201970,72.58,8159.48
201980,72.58,8159.48
201990,72.58,8159.48
202000,72.58,8159.48
202010,72.58,8159.48
202020,72.58,8159.48
202030,72.58,8159.48
202040,72.58,8159.48
202050,72.58,8159.48
202060,72.58,8159.48
202070,72.58,8159.48
202080,72.58,8159.48
202090,72.58,8159.48
202100,72.58,8159.48
202110,72.58,8159.48
202120,72.58,8159.48
202130,72.58,8159.48
202140,72.58,8159.48
202150,72.58,8159.48
202160,72.58,8159.48
202170,72.58,8159.48
202180,72.58,8159.48
202190,72.58,8159.48
202200,72.58,8159.48
202210,72.58,8159.48
202220,72.58,8159.48
202230,72.58,8159.48
202240,72.58,8159.48
202250,72.58,8100.22
202260,72.58,8100.22
202270,72.58,8100.22
202280,72.58,8100.22
202290,72.58,8100.22
202300,72.58,8100.22
202310,72.58,8100.22
202320,72.58,8100.22
202330,72.58,8100.22
202340,72.58,8100.22
202350,72.58,8100.22
202360,72.58,8100.22
202370,72.58,8100.22
202380,72.58,8100.22
202390,72.58,8100.22
202400,73.03,8100.22
202410,73.03,8100.22
202420,73.03,8100.22
202430,73.03,8100.22
202440,73.03,8100.22
202450,73.03,8100.22
202460,73.03,8100.22
202470,73.03,8100.22
202480,73.03,8100.22
202490,73.03,8100.22
202500,73.03,8100.22
202510,73.03,8122.38
202520,73.03,8122.38
202530,73.03,8122.38
202540,73.03,8122.38
202550,73.03,8122.38
202560,73.03,8122.38
202570,73.03,8122.38
202580,73.03,8122.38
202590,73.03,8122.38
202600,73.03,8122.38
202610,73.03,8122.38
202620,73.03,8122.38
202630,73.03,8122.38
202640,73.03,8122.38
202650,73.03,8122.38
202660,73.03,8122.38
202670,73.03,8122.38
202680,73.03,8122.38
202690,73.03,8122.38
202700,73.03,8122.38
202710,73.03,8122.38
202720,73.03,8136.12
202730,73.03,8136.12
202740,73.03,8136.12
202750,73.03,8136.12
202760,73.03,8136.12
202770,73.03,8136.12
202780,73.03,8136.12
202790,73.03,8136.12
202800,73.03,8136.12
202810,73.03,8136.12
202820,73.03,8136.12
202830,73.03,8136.12
202840,72.65,8136.12
202850,72.65,8136.12
202860,72.65,8136.12
202870,72.65,8136.12
202880,72.65,8136.12
202890,72.65,8136.12
202900,72.65,8136.12
202910,72.65,8136.12
202920,72.65,8136.12
202930,72.65,8136.12
202940,72.65,8168.61
202950,72.65,8168.61
202960,72.65,8168.61
202970,72.65,8168.61
202980,72.65,8168.61
202990,72.65,8168.61
203000,72.65,8168.61
203010,72.65,8168.61
203020,72.65,8168.61
203030,72.65,8168.61
203040,72.65,8168.61
203050,72.65,8168.61
203060,72.65,8168.61
203070,72.65,8168.61
203080,73.03,8168.61
203090,73.03,8168.61
203100,73.03,8168.61
203110,73.03,8168.61
203120,73.03,8168.61
203130,73.03,8168.61
203140,73.03,8168.61
203150,73.03,8168.61
203160,73.03,8168.61
203170,73.03,8168.61
203180,73.03,8168.61
203190,73.03,8168.61
203200,73.03,8168.61
203210,73.03,8168.61
203220,73.03,8168.61
203230,73.03,8168.61
203240,73.03,8168.61
203250,73.03,8168.61
203260,73.03,8168.61
203270,73.03,8150.78
203280,73.03,8150.78
203290,73.03,8150.78
203300,73.03,8150.78
203310,73.03,8150.78
203320,73.03,8150.78
203330,73.03,8150.78
203340,73.03,8150.78
203350,73.03,8150.78
203360,73.03,8150.78
203370,73.03,8150.78
203380,73.03,8150.78
203390,73.03,8150.78
203400,73.03,8150.78
203410,73.03,8150.78
203420,73.03,8150.78
203430,73.03,8150.78
203440,73.03,8150.78
203450,73.03,8150.78
203460,73.03,8150.78
203470,73.03,8150.78
203480,73.03,8150.78
203490,73.03,8150.78
203500,73.03,8150.78
203510,73.03,8150.78
203520,73.03,8150.78
203530,73.03,8150.78
203540,73.03,8150.78
203550,73.51,8150.78
203560,73.51,8150.78
203570,73.51,8150.78
203580,73.51,8150.78
203590,73.51,8150.78
203600,73.51,8150.78
203610,73.51,8150.78
203620,73.51,8150.78
203630,73.51,8150.78
203640,73.51,8150.78
203650,73.51,8150.78
203660,73.51,8150.78
203670,73.51,8150.78
203680,73.51,8150.78
203690,73.51,8150.78
203700,73.51,8011.41
203710,73.51,8011.41
203720,73.51,8011.41
203730,73.51,8011.41
203740,73.51,8011.41
203750,73.51,8011.41
203760,73.51,8011.41
203770,73.51,8011.41
203780,73.51,8011.41
203790,73.51,8011.41
203800,73.51,8011.41
203810,73.51,8011.41
203820,73.51,8011.41
203830,73.51,8011.41
203840,73.51,8011.41
203850,73.22,8011.41
203860,73.22,8011.41
203870,73.22,8011.41
203880,73.22,8011.41
203890,73.22,8011.41
203900,73.22,8011.41
203910,73.22,8011.41
203920,73.22,8011.41
203930,73.22,8011.41
203940,73.22,8011.41
203950,73.22,8011.41
203960,73.22,8011.41
203970,73.22,8011.41
203980,73.22,8011.41
203990,73.22,8011.41
204000,73.22,8011.41
204010,73.22,8011.41
204020,73.22,8011.41
204030,73.22,8011.41
204040,73.22,8011.41
204050,73.22,8011.41
204060,73.22,8011.41
204070,73.22,8011.41
204080,73.22,8011.41
204090,73.22,8011.41
204100,73.22,8011.41
204110,73.22,8011.41
204120,73.22,8011.41
204130,73.22,8011.41
204140,73.22,8011.41
204150,73.22,8011.41
204160,73.22,8011.41
204170,73.22,8159.95
204180,73.22,8159.95
204190,73.22,8159.95
204200,73.22,8159.95
204210,73.22,8159.95
204220,73.22,8159.95
204230,73.22,8159.95
204240,73.22,8159.95
204250,73.22,8159.95
204260,73.22,8159.95
204270,73.22,8159.95
204280,73.0,8159.95
204290,73.0,8159.95
204300,73.0,8159.95
204310,73.0,8159.95
204320,73.0,8159.95
204330,73.0,8159.95
204340,73.0,8159.95
204350,73.0,8159.95
204360,73.0,8159.95
204370,73.0,8159.95
204380,73.0,8159.95
204390,73.0,8159.95
204400,73.0,8159.95
204410,73.0,8159.95
204420,73.0,8159.95
204430,73.0,8159.95
204440,73.0,8159.95
204450,73.0,8159.95
204460,73.0,8159.95
204470,73.0,8159.95
204480,73.0,8159.95
204490,73.0,8159.95
204500,73.0,8159.95
204510,73.0,8159.95
204520,73.0,8159.95
204530,73.0,8159.95
204540,73.0,8159.95
204550,73.0,8159.95
204560,73.0,8239.21
204570,73.0,8239.21
204580,73.0,8239.21
204590,73.0,8239.21
204600,73.0,8239.21
204610,73.0,8239.21
204620,73.0,8239.21
204630,73.0,8239.21
204640,73.0,8239.21
204650,73.0,8239.21
204660,73.0,8239.21
204670,73.0,8239.21
204680,73.0,8239.21
204690,73.0,8239.21
204700,73.0,8239.21
204710,73.0,8239.21
204720,72.61,8239.21
204730,72.61,8239.21
204740,72.61,8239.21
204750,72.61,8239.21
204760,72.61,8239.21
204770,72.61,8239.21
204780,72.61,8239.21
204790,72.61,8239.21
204800,72.61,8239.21
204810,72.61,8239.21
204820,72.61,8239.21
204830,72.61,8239.21
204840,72.61,8239.21
204850,72.61,8239.21
204860,72.61,8239.21
204870,72.61,8239.21
204880,72.61,8239.21
204890,72.61,8239.21
204900,72.61,8239.21
204910,72.61,8239.21
204920,72.61,8239.21
204930,72.61,8239.21
204940,72.61,8239.21
204950,72.61,8239.21
204960,72.61,8239.21
204970,72.61,8239.21
204980,72.61,8239.21
204990,72.61,8350.56
205000,72.61,8350.56
205010,72.61,8350.56
205020,72.61,8350.56
205030,72.61,8350.56
205040,72.61,8350.56
205050,72.61,8350.56
205060,72.61,8350.56
205070,72.61,8350.56
205080,72.61,8350.56
205090,72.61,8350.56
205100,72.61,8350.56
205110,72.61,8350.56
205120,72.61,8350.56
205130,72.61,8350.56
205140,72.61,8350.56
205150,72.61,8350.56
205160,72.92,8350.56
205170,72.92,8350.56
205180,72.92,8350.56
205190,72.92,8350.56
205200,72.92,8350.56
205210,72.92,8369.17
205220,72.92,8369.17
205230,72.92,8369.17
205240,72.92,8369.17
205250,72.92,8369.17
205260,72.92,8369.17
205270,72.92,8369.17
205280,72.92,8369.17
205290,72.92,8369.17
205300,72.92,8369.17
205310,72.92,8369.17
205320,72.92,8369.17
205330,72.92,8369.17
205340,72.92,8369.17
205350,72.92,8369.17
205360,72.92,8369.17
205370,72.92,8369.17
205380,72.92,8369.17
205390,72.92,8369.17
205400,72.92,8369.17
205410,72.92,8369.17
205420,72.92,8369.17
205430,72.92,8369.17
205440,72.92,8369.17
205450,72.92,8248.15
205460,72.92,8248.15
205470,72.92,8248.15
205480,72.92,8248.15
205490,72.93,8248.15
205500,72.93,8248.15
205510,72.93,8248.15
205520,72.93,8248.15
205530,72.93,8248.15
205540,72.93,8248.15
205550,72.93,8248.15
205560,72.93,8248.15
205570,72.93,8248.15
205580,72.93,8248.15
205590,72.93,8248.15
205600,72.93,8248.15
205610,72.93,8248.15
205620,72.93,8248.15
205630,72.93,8248.15
205640,72.93,8248.15
205650,72.93,8248.15
205660,72.93,8248.15
205670,72.93,8248.15
205680,72.93,8248.15
205690,72.93,8248.15
205700,72.93,8248.15
205710,72.93,8248.15
205720,72.93,8248.15
205730,72.93,8248.15
205740,72.93,8248.15
205750,72.93,8248.15
205760,72.93,8248.15
205770,72.93,8248.15
205780,72.93,8248.15
205790,72.93,8248.15
205800,72.93,8248.15
205810,72.93,8248.15
205820,72.93,8199.38
205830,72.93,8199.38
205840,72.93,8199.38
205850,72.93,8199.38
205860,72.93,8199.38
205870,72.93,8199.38
205880,72.93,8199.38
205890,72.93,8199.38
205900,72.93,8199.38
205910,72.93,8199.38
205920,72.93,8199.38
205930,72.93,8199.38
205940,72.93,8199.38
205950,72.93,8199.38
205960,73.46,8199.38
205970,73.46,8199.38
205980,73.46,8199.38
205990,73.46,8199.38
206000,73.46,8199.38
206010,73.46,8199.38
206020,73.46,8199.38
206030,73.46,8199.38
206040,73.46,8199.38
206050,73.46,8199.38
206060,73.46,8199.38
206070,73.46,8199.38
206080,73.46,8199.38
206090,73.46,8199.38
206100,73.46,8199.38
206110,73.46,8199.38
206120,73.46,8199.38
206130,73.46,8199.38
206140,73.46,8199.38
206150,73.46,8199.38
206160,73.46,8199.38
206170,73.46,8199.38
206180,73.46,8221.18
206190,73.46,8221.18
206200,73.46,8221.18
206210,73.46,8221.18
206220,73.46,8221.18
206230,73.46,8221.18
206240,73.46,8221.18
206250,73.46,8221.18
206260,73.46,8221.18
206270,73.46,8221.18
206280,73.46,8221.18
206290,73.46,8221.18
206300,73.46,8221.18
206310,73.46,8221.18
206320,73.46,8221.18
206330,73.46,8221.18
206340,73.46,8221.18
206350,73.46,8221.18
206360,73.46,8221.18
206370,73.46,8221.18
206380,73.27,8221.18
206390,73.27,8221.18
206400,73.27,8221.18
206410,73.27,8221.18
206420,73.27,8221.18
206430,73.27,8221.18
206440,73.27,8221.18
206450,73.27,8221.18
206460,73.27,8221.18
206470,73.27,8221.18
206480,73.27,8221.18
206490,73.27,8221.18
206500,73.27,8212.22
206510,73.27,8212.22
206520,73.27,8212.22
206530,73.27,8212.22
206540,73.27,8212.22
206550,73.27,8212.22
206560,73.27,8212.22
206570,73.27,8212.22
206580,73.27,8212.22
206590,73.27,8212.22
206600,73.27,8212.22
206610,73.27,8212.22
206620,73.27,8212.22
206630,73.27,8212.22
206640,73.27,8212.22
206650,73.27,8212.22
206660,73.27,8212.22
206670,73.27,8212.22
206680,73.27,8212.22
206690,73.27,8212.22
206700,73.27,8212.22
206710,73.27,8212.22
206720,73.27,8212.22
206730,73.27,8212.22
206740,73.27,8212.22
206750,73.27,8212.22
206760,73.27,8212.22
206770,73.61,8212.22
206780,73.61,8212.22
206790,73.61,8212.22
206800,73.61,8212.22
206810,73.61,8212.22
206820,73.61,8212.22
206830,73.61,8212.22
206840,73.61,8212.22
206850,73.61,8212.22
206860,73.61,8212.22
206870,73.61,8212.22
206880,73.61,8212.22
206890,73.61,8212.22
206900,73.61,8212.22
206910,73.61,8212.22
206920,73.61,8212.22
206930,73.61,8219.58
206940,73.61,8219.58
206950,73.61,8219.58
206960,73.61,8219.58
206970,73.61,8219.58
206980,73.61,8219.58
206990,73.61,8219.58
207000,73.61,8219.58
207010,73.61,8219.58
207020,73.61,8219.58
207030,73.61,8219.58
207040,73.61,8219.58
207050,73.61,8219.58
207060,73.61,8219.58
207070,73.61,8219.58
207080,73.61,8219.58
207090,73.61,8219.58
207100,73.61,8219.58
207110,73.61,8219.58
207120,73.87,8219.58
207130,73.87,8219.58
207140,73.87,8219.58
207150,73.87,8219.58
207160,73.87,8219.58
207170,73.87,8219.58
207180,73.87,8219.58
207190,73.87,8219.58
207200,73.87,8219.58
207210,73.87,8219.58
207220,73.87,8219.58
207230,73.87,8219.58
207240,73.87,8219.58
207250,73.87,8219.58
207260,73.87,8219.58
207270,73.87,8219.58
207280,73.87,8219.58
207290,73.87,8219.58
207300,73.87,8219.58
207310,73.87,8219.58
207320,73.87,8219.58
207330,73.87,8219.58
207340,73.87,8219.58
207350,73.87,8219.58
207360,73.87,8219.58
207370,73.87,8219.58
207380,73.87,8219.58
207390,73.87,8219.58
207400,73.87,8184.72
207410,73.87,8184.72
207420,73.87,8184.72
207430,73.87,8184.72
207440,73.87,8184.72
207450,73.87,8184.72
207460,73.87,8184.72
207470,73.87,8184.72
207480,73.87,8184.72
207490,73.87,8184.72
207500,73.87,8184.72
207510,73.87,8184.72
207520,73.87,8184.72
207530,73.87,8184.72
207540,73.87,8184.72
207550,73.87,8184.72
207560,73.87,8184.72
207570,73.87,8184.72
207580,73.87,8184.72
207590,74.05,8184.72
207600,74.05,8184.72
207610,74.05,8184.72
207620,74.05,8184.72
207630,74.05,8184.72
207640,74.05,8184.72
207650,74.05,8184.72
207660,74.05,8184.72
207670,74.05,8184.72
207680,74.05,8184.72
207690,74.05,8184.72
207700,74.05,8065.8
207710,74.05,8065.8
207720,74.05,8065.8
207730,74.05,8065.8
207740,74.05,8065.8
207750,74.05,8065.8
207760,74.05,8065.8
207770,74.05,8065.8
207780,74.05,8065.8
207790,74.05,8065.8
207800,74.05,8065.8
207810,74.05,8065.8
207820,74.05,8065.8
207830,74.05,8065.8
207840,74.05,8065.8
207850,74.05,8065.8
207860,74.05,8065.8
207870,74.05,8065.8
207880,74.05,8065.8
207890,74.05,8065.8
207900,74.05,8065.8
207910,74.05,8065.8
207920,74.05,8073.62
207930,74.05,8073.62
207940,74.05,8073.62
207950,74.05,8073.62
207960,74.05,8073.62
207970,74.05,8073.62
207980,74.05,8073.62
207990,74.15,8073.62
208000,74.15,8073.62
208010,74.15,8073.62
208020,74.15,8073.62
208030,74.15,8073.62
208040,74.15,8073.62
208050,74.15,8073.62
208060,74.15,8073.62
208070,74.15,8073.62
208080,74.15,8073.62
208090,74.15,8073.62
208100,74.15,8073.62
208110,74.15,8073.62
208120,74.15,8073.62
208130,74.15,8073.62
208140,74.15,8073.62
208150,74.15,8073.62
208160,74.15,8073.62
208170,74.15,8073.62
208180,74.15,8073.62
208190,74.15,8073.62
208200,74.15,8073.62
208210,74.15,8073.62
208220,74.15,8073.62
208230,74.15,8073.62
208240,74.15,8073.62
208250,74.15,8073.62
208260,74.15,8073.62
208270,74.15,8073.62
208280,74.15,8073.62
208290,74.15,8073.62
208300,74.15,8073.62
208310,74.15,8073.62
208320,74.15,8073.62
208330,74.15,8073.62
208340,74.15,8073.62
208350,74.15,8073.62
208360,73.87,8000.0
208370,73.87,8000.0
208380,73.87,8000.0
208390,73.87,8000.0
208400,73.87,8000.0
208410,73.87,8000.0
208420,73.87,8000.0
208430,73.87,8000.0
208440,73.87,8000.0
208450,73.87,8000.0
208460,73.87,8000.0
208470,73.87,8000.0
208480,73.87,8000.0
208490,73.87,8000.0
208500,73.87,8000.0
208510,73.87,8000.0
208520,73.87,8000.0
208530,73.87,8000.0
208540,73.87,8000.0
208550,73.87,8000.0
208560,73.87,8028.43
208570,73.87,8028.43
208580,73.87,8028.43
208590,73.87,8028.43
208600,73.87,8028.43
208610,73.87,8028.43
208620,73.87,8028.43
208630,73.87,8028.43
208640,73.87,8028.43
208650,73.87,8028.43
208660,73.87,8028.43
208670,73.87,8028.43
208680,73.87,8028.43
208690,73.87,8028.43
208700,73.87,8028.43
208710,73.87,8028.43
208720,73.87,8028.43
208730,73.87,8028.43
208740,73.87,8028.43
208750,73.87,8028.43
208760,73.87,8028.43
208770,73.87,8028.43
208780,73.87,8028.43
208790,73.87,8028.43
208800,73.87,8028.43
208810,73.87,8028.43
208820,73.78,8028.43
208830,73.78,8028.43
208840,73.78,8028.43
208850,73.78,8028.43
208860,73.78,8028.43
208870,73.78,8028.43
208880,73.78,8028.43
208890,73.78,8028.43
208900,73.78,8028.43
208910,73.78,8028.43
208920,73.78,8028.43
208930,73.78,8028.43
208940,73.78,8028.43
208950,73.78,8028.43
208960,73.78,8028.43
208970,73.78,8028.43
208980,73.78,8028.43
208990,73.78,8059.25
209000,73.78,8059.25
209010,73.78,8059.25
209020,73.78,8059.25
209030,73.78,8059.25
209040,73.78,8059.25
209050,73.78,8059.25
209060,73.78,8059.25
209070,73.78,8059.25
209080,73.78,8059.25
209090,73.78,8059.25
209100,73.78,8059.25
209110,73.78,8059.25
209120,73.78,8059.25
209130,73.78,8059.25
209140,73.78,8059.25
209150,73.78,8059.25
209160,73.78,8059.25
209170,73.78,8059.25
209180,73.78,8059.25
209190,73.78,8059.25
209200,73.78,8059.25
209210,74.2,8059.25
209220,74.2,8059.25
209230,74.2,8059.25
209240,74.2,8059.25
209250,74.2,8059.25
209260,74.2,8059.25
209270,74.2,8059.25
209280,74.2,8059.25
209290,74.2,8059.25
209300,74.2,8059.25
209310,74.2,8059.25
209320,74.2,8059.25
209330,74.2,8059.25
209340,74.2,8059.25
209350,74.2,8059.25
209360,74.2,8059.25
209370,74.2,8059.25
209380,74.2,8059.25
209390,74.2,8059.25
209400,74.2,8059.25
209410,74.2,8059.25
209420,74.2,8059.25
209430,74.2,8059.25
209440,74.2,8059.25
209450,74.2,8059.25
209460,74.2,8128.47
209470,74.2,8128.47
209480,74.2,8128.47
209490,74.2,8128.47
209500,74.2,8128.47
209510,74.2,8128.47
209520,74.2,8128.47
209530,74.2,8128.47
209540,74.2,8128.47
209550,74.2,8128.47
209560,74.2,8128.47
209570,74.41,8128.47
209580,74.41,8128.47
209590,74.41,8128.47
209600,74.41,8128.47
209610,74.41,8128.47
209620,74.41,8128.47
209630,74.41,8128.47
209640,74.41,8128.47
209650,74.41,8128.47
209660,74.41,8128.47
209670,74.41,8128.47
209680,74.41,8128.47
209690,74.41,8128.47
209700,74.41,8128.47
209710,74.41,8128.47
209720,74.41,8128.47
209730,74.41,8128.47
209740,74.41,8128.47
209750,74.41,8128.47
209760,74.41,8128.47
209770,74.41,8128.47
209780,74.41,8128.47
209790,74.41,8128.47
209800,74.41,8128.47
209810,74.41,8128.47
209820,74.41,8128.47
209830,74.41,8128.47
209840,74.41,8128.47
209850,74.41,8009.91
209860,74.41,8009.91
209870,74.41,8009.91
209880,74.41,8009.91
209890,74.41,8009.91
209900,74.41,8009.91
209910,74.41,8009.91
209920,74.41,8009.91
209930,74.41,8009.91
209940,74.41,8009.91
209950,74.41,8009.91
209960,74.41,8009.91
209970,74.41,8009.91
209980,74.41,8009.91
209990,74.5,8009.91
210000,74.5,8009.91
210010,74.5,8009.91
210020,74.5,8009.91
210030,74.5,8009.91
210040,74.5,8009.91
210050,74.5,8104.33
210060,74.5,8104.33
210070,74.5,8104.33
210080,74.5,8104.33
210090,74.5,8104.33
210100,74.5,8104.33
210110,74.5,8104.33
210120,74.5,8104.33
210130,74.5,8104.33
210140,74.5,8104.33
210150,74.5,8104.33
210160,74.5,8104.33
210170,74.5,8104.33
210180,74.5,8104.33
210190,74.5,8104.33
210200,74.5,8104.33
210210,74.5,8104.33
210220,74.5,8104.33
210230,74.5,8104.33
210240,74.5,8104.33
210250,74.5,8104.33
210260,74.5,8104.33
210270,74.5,8104.33
210280,74.5,8104.33
210290,74.5,8121.53
210300,74.5,8121.53
210310,74.5,8121.53
210320,74.5,8121.53
210330,74.5,8121.53
210340,74.5,8121.53
210350,74.5,8121.53
210360,74.5,8121.53
210370,74.5,8121.53
210380,74.5,8121.53
210390,74.5,8121.53
210400,74.5,8121.53
210410,74.5,8121.53
210420,74.5,8121.53
210430,74.5,8121.53
210440,74.5,8121.53
210450,74.5,8121.53
210460,74.5,8121.53
210470,74.5,8121.53
210480,74.5,8121.53
210490,74.5,8121.53
210500,74.5,8121.53
210510,74.5,8121.53
210520,74.5,8121.53
210530,74.5,8121.53
210540,74.5,8121.53
210550,74.5,8121.53
210560,74.5,8121.53
210570,74.5,8121.53
210580,74.5,8121.53
210590,74.5,8121.53
210600,74.5,8121.53
210610,74.5,8121.53
210620,74.5,8121.53
210630,74.5,8121.53
210640,74.5,8121.53
210650,74.5,8000.0
210660,74.5,8000.0
210670,74.5,8000.0
210680,74.5,8000.0
210690,74.5,8000.0
210700,74.5,8000.0
210710,74.5,8000.0
210720,74.5,8000.0
210730,74.5,8000.0
210740,74.5,8000.0
210750,74.5,8000.0
210760,74.5,8000.0
210770,74.5,8000.0
210780,74.5,8000.0
210790,74.5,8000.0
210800,74.5,8000.0
210810,74.5,8000.0
210820,74.5,8000.0
210830,74.5,8000.0
210840,74.5,8000.0
210850,74.5,8000.0
210860,74.62,8000.0
210870,74.62,8000.0
210880,74.62,8000.0
210890,74.62,8000.0
210900,74.62,8000.0
210910,74.62,8000.0
210920,74.62,8000.0
210930,74.62,8000.0
210940,74.62,8000.0
210950,74.62,8000.0
210960,74.62,8000.0
210970,74.62,8000.0
210980,74.62,8000.0
210990,74.62,8000.0
211000,74.62,8000.0
211010,74.62,8000.0
211020,74.62,8000.0
211030,74.62,8000.0
211040,74.62,8000.0
211050,74.62,8000.0
211060,74.62,8000.0
211070,74.62,8000.0
211080,74.62,8000.0
211090,74.98,8000.0
211100,74.98,8000.0
211110,74.98,8000.0
211120,74.98,8000.0
211130,74.98,8000.0
211140,74.98,8000.0
211150,74.98,8000.0
211160,74.98,8000.0
211170,74.98,8000.0
211180,74.98,8000.0
211190,74.98,8000.0
211200,74.98,8000.0
211210,74.98,8000.0
211220,74.98,8000.0
211230,74.98,8000.0
211240,74.98,8000.0
211250,74.98,8000.0
211260,74.98,8000.0
211270,74.98,8000.0
211280,74.98,8000.0
211290,74.98,8000.0
211300,74.98,8000.0
211310,74.98,8000.0
211320,74.96,8000.0
211330,74.96,8000.0
211340,74.96,8000.0
211350,74.96,8000.0
211360,74.96,8000.0
211370,74.96,8000.0
211380,74.96,8000.0
211390,74.96,8000.0
211400,74.96,8000.0
211410,74.96,8000.0
211420,74.96,8000.0
211430,74.96,8000.0
211440,74.96,8000.0
211450,74.96,8000.0
211460,74.96,8000.0
211470,74.96,8000.0
211480,74.96,8000.0
211490,74.96,8000.0
211500,74.96,8000.0
211510,74.96,8000.0
211520,74.96,8000.0
211530,74.96,8000.0
211540,74.96,8000.0
211550,74.96,8000.0
211560,74.96,8000.0
211570,74.96,8000.0
211580,74.96,8000.0
211590,74.96,8000.0
211600,74.99,8000.0
211610,74.99,8041.86
211620,74.99,8041.86
211630,74.99,8041.86
211640,74.99,8041.86
211650,74.99,8041.86
211660,74.99,8041.86
211670,74.99,8041.86
211680,74.99,8041.86
211690,74.99,8041.86
211700,74.99,8041.86
211710,74.99,8041.86
211720,74.99,8041.86
211730,74.99,8041.86
211740,74.99,8041.86
211750,74.99,8041.86
211760,74.99,8041.86
211770,74.99,8041.86
211780,74.99,8041.86
211790,74.99,8041.86
211800,74.99,8041.86
211810,74.99,8041.86
211820,74.99,8041.86
211830,74.99,8041.86
211840,74.99,8041.86
211850,74.99,8041.86
211860,74.99,8041.86
211870,74.99,8041.86
211880,74.99,8041.86
211890,74.99,8041.86
211900,74.99,8041.86
211910,74.99,8041.86
211920,74.99,8041.86
211930,74.99,8041.86
211940,74.99,8041.86
211950,74.99,8041.86
211960,74.99,8041.86
211970,75.1,8041.86
211980,75.1,8041.86
211990,75.1,8041.86
212000,75.1,8041.86
212010,75.1,8041.86
212020,75.1,8041.86
212030,75.1,8041.86
212040,75.1,8041.86
212050,75.1,8041.86
212060,75.1,8041.86
212070,75.1,8124.25
212080,75.1,8124.25
212090,75.1,8124.25
212100,75.1,8124.25
212110,75.1,8124.25
212120,75.1,8124.25
212130,75.1,8124.25
212140,75.1,8124.25
212150,75.1,8124.25
212160,75.1,8124.25
212170,75.1,8124.25
212180,75.1,8124.25
212190,75.1,8124.25
212200,75.1,8124.25
212210,75.1,8124.25
212220,75.63,8124.25
212230,75.63,8124.25
212240,75.63,8124.25
212250,75.63,8124.25
212260,75.63,8124.25
212270,75.63,8124.25
212280,75.63,8124.25
212290,75.63,8124.25
212300,75.63,8124.25
212310,75.63,8124.25
212320,75.63,8124.25
212330,75.63,8124.25
212340,75.63,8124.25
212350,75.63,8124.25
212360,75.63,8124.25
212370,75.63,8124.25
212380,75.63,8124.25
212390,75.63,8124.25
212400,75.63,8124.25
212410,75.63,8124.25
212420,75.63,8124.25
212430,75.63,8161.89
212440,75.63,8161.89
212450,75.63,8161.89
212460,75.63,8161.89
212470,75.63,8161.89
212480,75.63,8161.89
212490,75.63,8161.89
212500,75.63,8161.89
212510,75.63,8161.89
212520,75.63,8161.89
212530,75.63,8161.89
212540,75.63,8161.89
212550,75.63,8161.89
212560,75.63,8161.89
212570,75.63,8161.89
212580,75.63,8161.89
212590,75.63,8161.89
212600,75.38,8161.89
212610,75.38,8161.89
212620,75.38,8161.89
212630,75.38,8161.89
212640,75.38,8161.89
212650,75.38,8161.89
212660,75.38,8161.89
212670,75.38,8161.89
212680,75.38,8161.89
212690,75.38,8161.89
212700,75.38,8161.89
212710,75.38,8161.89
212720,75.38,8161.89
212730,75.38,8161.89
212740,75.38,8161.89
212750,75.38,8161.89
212760,75.38,8161.89
212770,75.38,8161.89
212780,75.38,8161.89
212790,75.38,8161.89
212800,75.38,8161.89
212810,75.38,8051.94
212820,75.38,8051.94
212830,75.38,8051.94
212840,75.38,8051.94
212850,75.38,8051.94
212860,75.38,8051.94
212870,75.38,8051.94
212880,75.38,8051.94
212890,75.38,8051.94
212900,75.38,8051.94
212910,75.38,8051.94
212920,75.38,8051.94
212930,75.38,8051.94
212940,75.38,8051.94
212950,75.38,8051.94
212960,75.38,8051.94
212970,75.5,8051.94
212980,75.5,8051.94
212990,75.5,8051.94
213000,75.5,8051.94
213010,75.5,8051.94
213020,75.5,8051.94
213030,75.5,8051.94
213040,75.5,8051.94
213050,75.5,8051.94
213060,75.5,8051.94
213070,75.5,8051.94
213080,75.5,8051.94
213090,75.5,8051.94
213100,75.5,8051.94
213110,75.5,8051.94
213120,75.5,8051.94
213130,75.5,8051.94
213140,75.5,8132.33
213150,75.5,8132.33
213160,75.5,8132.33
213170,75.5,8132.33
213180,75.5,8132.33
213190,75.5,8132.33
213200,75.5,8132.33
213210,75.5,8132.33
213220,75.5,8132.33
213230,75.5,8132.33
213240,75.5,8132.33
213250,75.5,8132.33
213260,75.5,8132.33
213270,75.5,8132.33
213280,75.5,8132.33
213290,75.5,8132.33
213300,75.5,8132.33
213310,75.5,8132.33
213320,75.5,8132.33
213330,75.5,8132.33
213340,75.5,8132.33
213350,75.82,8132.33
213360,75.82,8132.33
213370,75.82,8132.33
213380,75.82,8132.33
213390,75.82,8132.33
213400,75.82,8132.33
213410,75.82,8132.33
213420,75.82,8132.33
213430,75.82,8132.33
213440,75.82,8132.33
213450,75.82,8132.33
213460,75.82,8132.33
213470,75.82,8132.33
213480,75.82,8132.33
213490,75.82,8181.39
213500,75.82,8181.39
213510,75.82,8181.39
213520,75.82,8181.39
213530,75.82,8181.39
213540,75.82,8181.39
213550,75.82,8181.39
213560,75.82,8181.39
213570,75.82,8181.39
213580,75.82,8181.39
213590,75.82,8181.39
213600,75.82,8181.39
213610,75.82,8181.39
213620,75.82,8181.39
213630,75.82,8181.39
213640,75.82,8181.39
213650,75.82,8181.39
213660,75.82,8181.39
213670,75.82,8181.39
213680,75.45,8181.39
213690,75.45,8181.39
213700,75.45,8181.39
213710,75.45,8181.39
213720,75.45,8181.39
213730,75.45,8181.39
213740,75.45,8285.24
213750,75.45,8285.24
213760,75.45,8285.24
213770,75.45,8285.24
213780,75.45,8285.24
213790,75.45,8285.24
213800,75.45,8285.24
213810,75.45,8285.24
213820,75.45,8285.24
213830,75.45,8285.24
213840,75.45,8285.24
213850,75.45,8285.24
213860,75.45,8285.24
213870,75.45,8285.24
213880,75.45,8285.24
213890,75.45,8285.24
213900,75.45,8285.24
213910,75.45,8285.24
213920,75.45,8285.24
213930,75.45,8285.24
213940,75.45,8285.24
213950,75.45,8285.24
213960,75.45,8285.24
213970,75.45,8285.24
213980,75.45,8285.24
213990,75.45,8285.24
214000,75.45,8285.24
214010,75.45,8285.24
214020,75.45,8285.24
214030,75.45,8285.24
214040,75.21,8285.24
214050,75.21,8285.24
214060,75.21,8285.24
214070,75.21,8285.24
214080,75.21,8285.24
214090,75.21,8285.24
214100,75.21,8285.24
214110,75.21,8190.51
214120,75.21,8190.51
214130,75.21,8190.51
214140,75.21,8190.51
214150,75.21,8190.51
214160,75.21,8190.51
214170,75.21,8190.51
214180,75.21,8190.51
214190,75.21,8190.51
214200,75.21,8190.51
214210,75.21,8190.51
214220,75.21,8190.51
214230,75.21,8190.51
214240,75.21,8190.51
214250,75.21,8190.51
214260,75.21,8190.51
214270,75.21,8190.51
214280,75.21,8190.51
214290,75.21,8190.51
214300,75.21,8190.51
214310,75.21,8190.51
214320,75.21,8190.51
214330,75.21,8190.51
214340,75.21,8190.51
214350,75.21,8190.51
214360,75.21,8190.51
214370,75.21,8190.51
214380,75.21,8190.51
214390,75.21,8190.51
214400,75.21,8190.51
214410,75.21,8190.51
214420,75.21,8190.51
214430,75.21,8190.51
214440,75.21,8190.51
214450,75.21,8190.51
214460,75.23,8190.51
214470,75.23,8190.51
214480,75.23,8190.51
214490,75.23,8190.51
214500,75.23,8190.51
214510,75.23,8190.51
214520,75.23,8270.67
214530,75.23,8270.67
214540,75.23,8270.67
214550,75.23,8270.67
214560,75.23,8270.67
214570,75.23,8270.67
214580,75.23,8270.67
214590,75.23,8270.67
214600,75.23,8270.67
214610,75.23,8270.67
214620,75.23,8270.67
214630,75.23,8270.67
214640,75.23,8270.67
214650,75.23,8270.67
214660,75.23,8270.67
214670,75.73,8270.67
214680,75.73,8270.67
214690,75.73,8270.67
214700,75.73,8270.67
214710,75.73,8270.67
214720,75.73,8270.67
214730,75.73,8270.67
214740,75.73,8270.67
214750,75.73,8270.67
214760,75.73,8270.67
214770,75.73,8270.67
214780,75.73,8270.67
214790,75.73,8270.67
214800,75.73,8270.67
214810,75.73,8270.67
214820,75.73,8270.67
214830,75.73,8270.67
214840,75.73,8270.67
214850,75.73,8270.67
214860,75.73,8270.67
214870,75.73,8432.33
214880,76.0,8432.33
214890,76.0,8432.33
214900,76.0,8432.33
214910,76.0,8432.33
214920,76.0,8432.33
214930,76.0,8432.33
214940,76.0,8432.33
214950,76.0,8432.33
214960,76.0,8432.33
214970,76.0,8432.33
214980,76.0,8432.33
214990,76.0,8432.33
215000,76.0,8432.33
215010,76.0,8432.33
215020,76.0,8432.33
215030,76.0,8432.33
215040,76.0,8432.33
215050,76.0,8432.33
215060,76.0,8432.33
215070,76.0,8432.33
215080,76.0,8432.33
215090,76.0,8432.33
215100,76.0,8432.33
215110,76.0,8432.33
215120,76.0,8432.33
215130,76.0,8432.33
215140,76.0,8432.33
215150,76.0,8432.33
215160,76.0,8432.33
215170,76.0,8432.33
215180,76.0,8408.97
215190,76.0,8408.97
215200,76.0,8408.97
215210,75.61,8408.97
215220,75.61,8408.97
215230,75.61,8408.97
215240,75.61,8408.97
215250,75.61,8408.97
215260,75.61,8408.97
215270,75.61,8408.97
215280,75.61,8408.97
215290,75.61,8408.97
215300,75.61,8408.97
215310,75.61,8408.97
215320,75.61,8408.97
215330,75.61,8408.97
215340,75.61,8408.97
215350,75.61,8408.97
215360,75.61,8408.97
215370,75.61,8408.97
215380,75.61,8408.97
215390,75.61,8408.97
215400,75.61,8408.97
215410,75.61,8408.97
215420,75.61,8408.97
215430,75.61,8408.97
215440,75.61,8408.97
215450,75.61,8408.97
215460,75.61,8408.97
215470,75.61,8408.97
215480,75.61,8408.97
215490,76.07,8408.97
215500,76.07,8408.97
215510,76.07,8408.97
215520,76.07,8408.97
215530,76.07,8408.97
215540,76.07,8408.97
215550,76.07,8408.97
215560,76.07,8408.97
215570,76.07,8408.97
215580,76.07,8408.97
215590,76.07,8408.97
215600,76.07,8408.97
215610,76.07,8408.97
215620,76.07,8408.97
215630,76.07,8408.97
215640,76.07,8408.97
215650,76.07,8408.97
215660,76.07,8408.97
215670,76.07,8426.67
215680,76.07,8426.67
215690,76.07,8426.67
215700,76.07,8426.67
215710,76.21,8426.67
215720,76.21,8426.67
215730,76.21,8426.67
215740,76.21,8426.67
215750,76.21,8426.67
215760,76.21,8426.67
215770,76.21,8426.67
215780,76.21,8426.67
215790,76.21,8426.67
215800,76.21,8426.67
215810,76.21,8426.67
215820,76.21,8426.67
215830,76.21,8426.67
215840,76.21,8426.67
215850,76.21,8426.67
215860,76.21,8426.67
215870,76.21,8426.67
215880,76.21,8426.67
215890,76.21,8426.67
215900,76.21,8426.67
215910,76.21,8426.67
215920,76.21,8426.67
215930,76.21,8426.67
215940,76.21,8426.67
215950,75.78,8426.67
215960,75.78,8426.67
215970,75.78,8426.67
215980,75.78,8426.67
215990,75.78,8426.67
216000,75.78,8426.67
216010,75.78,8411.12
216020,75.78,8411.12
216030,75.78,8411.12
216040,75.78,8411.12
216050,75.78,8411.12
216060,75.78,8411.12
216070,75.78,8411.12
216080,75.78,8411.12
216090,75.78,8411.12
216100,75.78,8411.12
216110,75.78,8411.12
216120,75.78,8411.12
216130,75.78,8411.12
216140,75.78,8411.12
216150,75.78,8411.12
216160,75.78,8411.12
216170,75.78,8411.12
216180,75.78,8411.12
216190,75.78,8411.12
216200,75.78,8411.12
216210,75.78,8411.12
216220,75.78,8411.12
216230,75.78,8411.12
216240,75.38,8411.12
216250,75.38,8411.12
216260,75.38,8411.12
216270,75.38,8411.12
216280,75.38,8411.12
216290,75.38,8411.12
216300,75.38,8411.12
216310,75.38,8411.12
216320,75.38,8411.12
216330,75.38,8411.12
216340,75.38,8411.12
216350,75.38,8411.12
216360,75.38,8411.12
216370,75.38,8411.12
216380,75.38,8411.12
216390,75.38,8411.12
216400,75.38,8411.12
216410,75.38,8416.23
216420,75.38,8416.23
216430,75.38,8416.23
216440,75.38,8416.23
216450,75.38,8416.23
216460,75.38,8416.23
216470,75.38,8416.23
216480,75.38,8416.23
216490,75.38,8416.23
216500,75.38,8416.23
216510,75.38,8416.23
216520,75.38,8416.23
216530,75.38,8416.23
216540,75.38,8416.23
216550,75.38,8416.23
216560,75.38,8416.23
216570,75.38,8416.23
216580,75.38,8416.23
216590,75.38,8416.23
216600,75.38,8416.23
216610,74.89,8416.23
216620,74.89,8416.23
216630,74.89,8416.23
216640,74.89,8416.23
216650,74.89,8416.23
216660,74.89,8416.23
216670,74.89,8416.23
216680,74.89,8416.23
216690,74.89,8416.23
216700,74.89,8416.23
216710,74.89,8416.23
216720,74.89,8416.23
216730,74.89,8416.23
216740,74.89,8416.23
216750,74.89,8416.23
216760,74.89,8472.61
216770,74.89,8472.61
216780,74.89,8472.61
216790,74.89,8472.61
216800,74.89,8472.61
216810,74.89,8472.61
216820,74.89,8472.61
216830,74.89,8472.61
216840,74.89,8472.61
216850,74.89,8472.61
216860,74.89,8472.61
216870,74.89,8472.61
216880,74.77,8472.61
216890,74.77,8472.61
216900,74.77,8472.61
216910,74.77,8472.61
216920,74.77,8472.61
216930,74.77,8472.61
216940,74.77,8472.61
216950,74.77,8472.61
216960,74.77,8472.61
216970,74.77,8398.19
216980,74.77,8398.19
216990,74.77,8398.19
217000,74.77,8398.19
217010,74.77,8398.19
217020,74.77,8398.19
217030,74.77,8398.19
217040,74.77,8398.19
217050,74.77,8398.19
217060,74.77,8398.19
217070,74.77,8398.19
217080,74.77,8398.19
217090,74.77,8398.19
217100,74.77,8398.19
217110,74.77,8398.19
217120,74.5,8398.19
217130,74.5,8398.19
217140,74.5,8398.19
217150,74.5,8398.19
217160,74.5,8398.19
217170,74.5,8398.19
217180,74.5,8398.19
217190,74.5,8398.19
217200,74.5,8398.19
217210,74.5,8398.19
217220,74.5,8398.19
217230,74.5,8398.19
217240,74.5,8398.19
217250,74.5,8398.19
217260,74.5,8398.19
217270,74.5,8398.19
217280,74.5,8398.19
217290,74.5,8398.19
217300,74.5,8398.19
217310,74.5,8398.19
217320,74.5,8336.48
217330,74.5,8336.48
217340,74.5,8336.48
217350,74.5,8336.48
217360,74.5,8336.48
217370,74.5,8336.48
217380,74.5,8336.48
217390,74.5,8336.48
217400,74.5,8336.48
217410,74.5,8336.48
217420,74.5,8336.48
217430,74.5,8336.48
217440,74.5,8336.48
217450,74.5,8336.48
217460,74.7,8336.48
217470,74.7,8336.48
217480,74.7,8336.48
217490,74.7,8336.48
217500,74.7,8336.48
217510,74.7,8336.48
217520,74.7,8336.48
217530,74.7,8336.48
217540,74.7,8336.48
217550,74.7,8336.48
217560,74.7,8336.48
217570,74.7,8336.48
217580,74.7,8336.48
217590,74.7,8336.48
217600,74.7,8336.48
217610,74.7,8336.48
217620,74.7,8336.48
217630,74.7,8336.48
217640,74.7,8336.48
217650,74.7,8336.48
217660,74.7,8372.34
217670,74.7,8372.34
217680,74.7,8372.34
217690,74.7,8372.34
217700,74.7,8372.34
217710,74.7,8372.34
217720,74.7,8372.34
217730,74.7,8372.34
217740,74.7,8372.34
217750,74.7,8372.34
217760,74.7,8372.34
217770,74.7,8372.34
217780,74.7,8372.34
217790,74.7,8372.34
217800,74.7,8372.34
217810,74.7,8372.34
217820,74.7,8372.34
217830,74.7,8372.34
217840,74.7,8372.34
217850,74.7,8372.34
217860,74.7,8372.34
217870,74.7,8372.34
217880,74.7,8372.34
217890,74.7,8372.34
217900,74.7,8372.34
217910,74.7,8372.34
217920,74.7,8372.34
217930,74.7,8372.34
217940,74.57,8372.34
217950,74.57,8394.66
217960,74.57,8394.66
217970,74.57,8394.66
217980,74.57,8394.66
217990,74.57,8394.66
218000,74.57,8394.66
218010,74.57,8394.66
218020,74.57,8394.66
218030,74.57,8394.66
218040,74.57,8394.66
218050,74.57,8394.66
218060,74.57,8394.66
218070,74.57,8394.66
218080,74.57,8394.66
218090,74.57,8394.66
218100,74.57,8394.66
218110,74.57,8394.66
218120,74.57,8394.66
218130,74.57,8394.66
218140,74.57,8394.66
218150,74.57,8394.66
218160,74.57,8394.66
218170,74.57,8394.66
218180,74.57,8394.66
218190,74.57,8394.66
218200,74.57,8394.66
218210,74.57,8394.66
218220,74.57,8394.66
218230,74.57,8394.66
218240,74.57,8394.66
218250,74.57,8394.66
218260,74.57,8394.66
218270,74.73,8394.66
218280,74.73,8394.66
218290,74.73,8394.66
218300,74.73,8394.66
218310,74.73,8394.66
218320,74.73,8307.42
218330,74.73,8307.42
218340,74.73,8307.42
218350,74.73,8307.42
218360,74.73,8307.42
218370,74.73,8307.42
218380,74.73,8307.42
218390,74.73,8307.42
218400,74.73,8307.42
218410,74.73,8307.42
218420,74.73,8307.42
218430,74.73,8307.42
218440,74.73,8307.42
218450,74.73,8307.42
218460,74.73,8307.42
218470,74.73,8307.42
218480,74.73,8307.42
218490,74.73,8307.42
218500,74.73,8307.42
218510,74.73,8307.42
218520,74.73,8307.42
218530,74.73,8307.42
218540,74.73,8307.42
218550,74.73,8307.42
218560,74.73,8307.42
218570,74.73,8307.42
218580,74.73,8307.42
218590,74.73,8307.42
218600,74.73,8307.42
218610,74.73,8307.42
218620,74.73,8307.42
218630,74.73,8307.42
218640,74.73,8307.42
218650,74.73,8307.42
218660,74.73,8307.42
218670,74.73,8307.42
218680,74.73,8307.42
218690,74.73,8307.42
218700,74.73,8307.42
218710,74.73,8307.42
218720,74.73,8307.42
218730,74.73,8307.42
218740,74.73,8307.42
218750,74.54,8307.42
218760,74.54,8353.05
218770,74.54,8353.05
218780,74.54,8353.05
218790,74.54,8353.05
218800,74.54,8353.05
218810,74.54,8353.05
218820,74.54,8353.05
218830,74.54,8353.05
218840,74.54,8353.05
218850,74.54,8353.05
218860,74.54,8353.05
218870,74.54,8353.05
218880,74.54,8353.05
218890,74.54,8353.05
218900,74.54,8353.05
218910,74.54,8353.05
218920,74.54,8353.05
218930,74.54,8353.05
218940,74.54,8353.05
218950,74.54,8353.05
218960,74.54,8353.05
218970,74.54,8353.05
218980,74.54,8353.05
218990,74.54,8353.05
219000,74.54,8353.05
219010,74.54,8353.05
219020,74.54,8353.05
219030,74.54,8353.05
219040,74.54,8350.7
219050,74.54,8350.7
219060,74.54,8350.7
219070,74.54,8350.7
219080,74.54,8350.7
219090,74.54,8350.7
219100,74.54,8350.7
219110,74.54,8350.7
219120,74.54,8350.7
219130,74.92,8350.7
219140,74.92,8350.7
219150,74.92,8350.7
219160,74.92,8350.7
219170,74.92,8350.7
219180,74.92,8350.7
219190,74.92,8350.7
219200,74.92,8350.7
219210,74.92,8350.7
219220,74.92,8350.7
219230,74.92,8350.7
219240,74.92,8350.7
219250,74.92,8350.7
219260,74.92,8350.7
219270,74.92,8350.7
219280,74.92,8350.7
219290,74.92,8350.7
219300,74.92,8350.7
219310,74.92,8350.7
219320,74.92,8350.7
219330,74.92,8350.7
219340,74.92,8350.7
219350,74.92,8350.7
219360,74.92,8350.7
219370,74.92,8350.7
219380,74.92,8350.7
219390,74.92,8350.7
219400,74.92,8350.7
219410,74.92,8350.7
219420,74.92,8350.7
219430,74.92,8350.7
219440,74.92,8350.7
219450,74.92,8350.7
219460,74.92,8286.3
219470,74.92,8286.3
219480,74.92,8286.3
219490,74.92,8286.3
219500,74.92,8286.3
219510,74.92,8286.3
219520,74.92,8286.3
219530,74.92,8286.3
219540,74.92,8286.3
219550,74.92,8286.3
219560,74.92,8286.3
219570,74.92,8286.3
219580,74.92,8286.3
219590,74.92,8286.3
219600,74.73,8286.3
219610,74.73,8286.3
219620,74.73,8286.3
219630,74.73,8286.3
219640,74.73,8286.3
219650,74.73,8286.3
219660,74.73,8286.3
219670,74.73,8286.3
219680,74.73,8286.3
219690,74.73,8286.3
219700,74.73,8286.3
219710,74.73,8286.3
219720,74.73,8286.3
219730,74.73,8286.3
219740,74.73,8286.3
219750,74.73,8286.3
219760,74.73,8286.3
219770,74.73,8399.67
219780,74.73,8399.67
219790,74.73,8399.67
219800,74.73,8399.67
219810,74.73,8399.67
219820,74.73,8399.67
219830,74.73,8399.67
219840,74.98,8399.67
219850,74.98,8399.67
219860,74.98,8399.67
219870,74.98,8399.67
219880,74.98,8399.67
219890,74.98,8399.67
219900,74.98,8399.67
219910,74.98,8399.67
219920,74.98,8399.67
219930,74.98,8399.67
219940,74.98,8399.67
219950,74.98,8399.67
219960,74.98,8399.67
219970,74.98,8399.67
219980,74.98,8399.67
219990,74.98,8399.67
220000,74.98,8399.67
220010,74.98,8399.67
220020,74.98,8399.67
220030,74.98,8399.67
220040,74.98,8399.67
220050,74.98,8399.67
220060,74.98,8399.67
220070,74.98,8399.67
220080,74.98,8399.67
220090,74.98,8399.67
220100,74.98,8399.67
220110,74.98,8399.67
220120,74.98,8399.67
220130,74.98,8399.67
220140,74.98,8399.67
220150,75.45,8399.67
220160,75.45,8399.67
220170,75.45,8399.67
220180,75.45,8399.67
220190,75.45,8399.67
220200,75.45,8534.94
220210,75.45,8534.94
220220,75.45,8534.94
220230,75.45,8534.94
220240,75.45,8534.94
220250,75.45,8534.94
220260,75.45,8534.94
220270,75.45,8534.94
220280,75.45,8534.94
220290,75.45,8534.94
220300,75.45,8534.94
220310,75.45,8534.94
220320,75.45,8534.94
220330,75.45,8534.94
220340,75.45,8534.94
220350,75.45,8534.94
220360,75.45,8534.94
220370,75.45,8534.94
220380,75.45,8534.94
220390,75.45,8534.94
220400,75.45,8534.94
220410,75.45,8534.94
220420,75.45,8534.94
220430,75.45,8534.94
220440,75.45,8534.94
220450,75.45,8534.94
220460,75.45,8534.94
220470,75.45,8534.94
220480,75.45,8534.94
220490,75.45,8534.94
220500,75.45,8534.94
220510,75.45,8534.94
220520,75.45,8534.94
220530,75.45,8534.94
220540,75.45,8555.64
220550,75.45,8555.64
220560,75.45,8555.64
220570,75.45,8555.64
220580,75.45,8555.64
220590,75.45,8555.64
220600,75.45,8555.64
220610,75.23,8555.64
220620,75.23,8555.64
220630,75.23,8555.64
220640,75.23,8555.64
220650,75.23,8555.64
220660,75.23,8555.64
220670,75.23,8555.64
220680,75.23,8555.64
220690,75.23,8555.64
220700,75.23,8555.64
220710,75.23,8555.64
220720,75.23,8555.64
220730,75.23,8555.64
220740,75.23,8555.64
220750,75.23,8555.64
220760,75.23,8555.64
220770,75.23,8555.64
220780,75.23,8555.64
220790,75.23,8555.64
220800,75.23,8555.64
220810,75.23,8450.79
220820,75.23,8450.79
220830,75.23,8450.79
220840,75.23,8450.79
220850,75.23,8450.79
220860,75.4,8450.79
220870,75.4,8450.79
220880,75.4,8450.79
220890,75.4,8450.79
220900,75.4,8450.79
220910,75.4,8450.79
220920,75.4,8450.79
220930,75.4,8450.79
220940,75.4,8450.79
220950,75.4,8450.79
220960,75.4,8450.79
220970,75.4,8450.79
220980,75.4,8450.79
220990,75.4,8450.79
221000,75.4,8450.79
221010,75.4,8450.79
221020,75.4,8450.79
221030,75.4,8450.79
221040,75.4,8450.79
221050,75.4,8450.79
221060,75.4,8450.79
221070,75.4,8450.79
221080,75.4,8450.79
221090,75.4,8450.79
221100,75.4,8450.79
221110,75.4,8450.79
221120,75.4,8450.79
221130,75.4,8450.79
221140,75.4,8450.79
221150,75.4,8450.79
221160,75.4,8450.79
221170,75.4,8450.79
221180,75.4,8450.79
221190,75.4,8450.79
221200,75.4,8450.79
221210,75.4,8450.79
221220,75.4,8450.79
221230,75.4,8450.79
221240,75.4,8450.79
221250,75.4,8450.79
221260,75.4,8450.79
221270,75.4,8450.79
221280,75.4,8450.79
221290,75.4,8450.79
221300,75.4,8565.88
221310,75.4,8565.88
221320,75.4,8565.88
221330,75.4,8565.88
221340,75.79,8565.88
221350,75.79,8565.88
221360,75.79,8565.88
221370,75.79,8565.88
221380,75.79,8565.88
221390,75.79,8565.88
221400,75.79,8565.88
221410,75.79,8565.88
221420,75.79,8565.88
221430,75.79,8565.88
221440,75.79,8565.88
221450,75.79,8565.88
221460,75.79,8565.88
221470,75.79,8565.88
221480,75.79,8565.88
221490,75.79,8565.88
221500,75.79,8565.88
221510,75.79,8565.88
221520,75.79,8565.88
221530,75.79,8565.88
221540,75.79,8565.88
221550,75.79,8565.88
221560,75.79,8565.88
221570,75.79,8630.16
221580,75.79,8630.16
221590,76.09,8630.16
221600,76.09,8630.16
221610,76.09,8630.16
221620,76.09,8630.16
221630,76.09,8630.16
221640,76.09,8630.16
221650,76.09,8630.16
221660,76.09,8630.16
221670,76.09,8630.16
221680,76.09,8630.16
221690,76.09,8630.16
221700,76.09,8630.16
221710,76.09,8630.16
221720,76.09,8630.16
221730,76.09,8630.16
221740,76.09,8630.16
221750,76.09,8630.16
221760,76.09,8630.16
221770,76.09,8630.16
221780,76.09,8630.16
221790,76.09,8630.16
221800,76.09,8630.16
221810,76.09,8630.16
221820,76.09,8630.16
221830,76.09,8630.16
221840,76.09,8630.16
221850,76.09,8630.16
221860,76.09,8630.16
221870,76.09,8630.16
221880,76.09,8630.16
221890,76.09,8630.16
221900,76.09,8630.16
221910,76.09,8630.16
221920,76.09,8630.16
221930,76.09,8630.16
221940,76.09,8630.16
221950,76.09,8630.16
221960,76.09,8630.16
221970,76.09,8675.65
221980,76.09,8675.65
221990,76.09,8675.65
222000,76.09,8675.65
222010,76.09,8675.65
222020,76.09,8675.65
222030,76.09,8675.65
222040,76.09,8675.65
222050,76.04,8675.65
222060,76.04,8675.65
222070,76.04,8675.65
222080,76.04,8675.65
222090,76.04,8675.65
222100,76.04,8675.65
222110,76.04,8675.65
222120,76.04,8675.65
222130,76.04,8675.65
222140,76.04,8675.65
222150,76.04,8675.65
222160,76.04,8675.65
222170,76.04,8675.65
222180,76.04,8675.65
222190,76.04,8675.65
222200,76.04,8675.65
222210,76.04,8675.65
222220,76.04,8675.65
222230,76.04,8675.65
222240,76.04,8675.65
222250,76.04,8675.65
222260,76.04,8675.65
222270,76.04,8675.65
222280,76.04,8675.65
222290,76.04,8675.65
222300,76.04,8675.65
222310,76.04,8675.65
222320,76.04,8675.65
222330,76.04,8675.65
222340,76.04,8675.65
222350,76.04,8675.65
222360,76.04,8675.65
222370,76.04,8675.65
222380,76.04,8675.65
222390,76.04,8514.82
222400,76.04,8514.82
222410,76.04,8514.82
222420,76.04,8514.82
222430,76.16,8514.82
222440,76.16,8514.82
222450,76.16,8514.82
222460,76.16,8514.82
222470,76.16,8514.82
222480,76.16,8514.82
222490,76.16,8514.82
222500,76.16,8514.82
222510,76.16,8514.82
222520,76.16,8514.82
222530,76.16,8514.82
222540,76.16,8514.82
222550,76.16,8514.82
222560,76.16,8514.82
222570,76.16,8514.82
222580,76.16,8514.82
222590,76.16,8514.82
222600,76.16,8514.82
222610,76.16,8514.82
222620,76.16,8514.82
222630,76.16,8514.82
222640,76.16,8514.82
222650,76.16,8514.82
222660,76.16,8514.82
222670,76.16,8514.82
222680,76.16,8514.82
222690,76.16,8514.82
222700,76.16,8601.94
222710,76.16,8601.94
222720,76.16,8601.94
222730,76.16,8601.94
222740,76.16,8601.94
222750,76.16,8601.94
222760,76.16,8601.94
222770,76.16,8601.94
222780,76.16,8601.94
222790,76.16,8601.94
222800,76.16,8601.94
222810,75.76,8601.94
222820,75.76,8601.94
222830,75.76,8601.94
222840,75.76,8601.94
222850,75.76,8601.94
222860,75.76,8601.94
222870,75.76,8601.94
222880,75.76,8601.94
222890,75.76,8601.94
222900,75.76,8601.94
222910,75.76,8601.94
222920,75.76,8601.94
222930,75.76,8601.94
222940,75.76,8601.94
222950,75.76,8601.94
222960,75.76,8601.94
222970,75.76,8601.94
222980,75.76,8601.94
222990,75.76,8601.94
223000,75.76,8601.94
223010,75.61,8601.94
223020,75.61,8601.94
223030,75.61,8601.94
223040,75.61,8601.94
223050,75.61,8601.94
223060,75.61,8601.94
223070,75.61,8601.94
223080,75.61,8601.94
223090,75.61,8601.94
223100,75.61,8601.94
223110,75.61,8601.94
223120,75.61,8601.94
223130,75.61,8601.94
223140,75.61,8601.94
223150,75.61,8601.94
223160,75.61,8601.94
223170,75.61,8601.94
223180,75.61,8601.94
223190,75.61,8526.94
223200,75.61,8526.94
223210,75.61,8526.94
223220,75.61,8526.94
223230,75.61,8526.94
223240,75.61,8526.94
223250,75.61,8526.94
223260,75.61,8526.94
223270,75.61,8526.94
223280,75.5,8526.94
223290,75.5,8526.94
223300,75.5,8526.94
223310,75.5,8526.94
223320,75.5,8526.94
223330,75.5,8526.94
223340,75.5,8526.94
223350,75.5,8526.94
223360,75.5,8526.94
223370,75.5,8526.94
223380,75.5,8526.94
223390,75.5,8526.94
223400,75.5,8526.94
223410,75.5,8526.94
223420,75.5,8526.94
223430,75.5,8526.94
223440,75.5,8526.94
223450,75.5,8526.94
223460,75.5,8526.94
223470,75.5,8550.3
223480,75.5,8550.3
223490,75.5,8550.3
223500,75.5,8550.3
223510,75.5,8550.3
223520,75.5,8550.3
223530,75.46,8550.3
223540,75.46,8550.3
223550,75.46,8550.3
223560,75.46,8550.3
223570,75.46,8550.3
223580,75.46,8550.3
223590,75.46,8550.3
223600,75.46,8550.3
223610,75.46,8550.3
223620,75.46,8550.3
223630,75.46,8550.3
223640,75.46,8550.3
223650,75.46,8550.3
223660,75.46,8550.3
223670,75.46,8550.3
223680,75.46,8550.3
223690,75.46,8550.3
223700,75.46,8550.3
223710,75.46,8550.3
223720,75.46,8550.3
223730,75.46,8550.3
223740,75.46,8550.3
223750,75.46,8550.3
223760,75.46,8550.3
223770,75.46,8484.18
223780,75.64,8484.18
223790,75.64,8484.18
223800,75.64,8484.18
223810,75.64,8484.18
223820,75.64,8484.18
223830,75.64,8484.18
223840,75.64,8484.18
223850,75.64,8484.18
223860,75.64,8484.18
223870,75.64,8484.18
223880,75.64,8484.18
223890,75.64,8484.18
223900,75.64,8484.18
223910,75.64,8484.18
223920,75.64,8484.18
223930,75.64,8484.18
223940,75.64,8484.18
223950,75.64,8484.18
223960,75.64,8484.18
223970,75.64,8484.18
223980,75.64,8484.18
223990,75.64,8484.18
224000,75.64,8484.18
224010,75.64,8484.18
224020,75.64,8484.18
224030,75.64,8484.18
224040,75.64,8484.18
224050,75.64,8484.18
224060,75.64,8436.63
224070,75.64,8436.63
224080,75.64,8436.63
224090,75.64,8436.63
224100,75.64,8436.63
224110,75.64,8436.63
224120,75.64,8436.63
224130,75.64,8436.63
224140,75.64,8436.63
224150,75.64,8436.63
224160,75.64,8436.63
224170,75.64,8436.63
224180,75.64,8436.63
224190,75.64,8436.63
224200,75.64,8436.63
224210,75.73,8436.63
224220,75.73,8436.63
224230,75.73,8436.63
224240,75.73,8436.63
224250,75.73,8436.63
224260,75.73,8436.63
224270,75.73,8436.63
224280,75.73,8436.63
224290,75.73,8436.63
224300,75.73,8436.63
224310,75.73,8436.63
224320,75.73,8436.63
224330,75.73,8436.63
224340,75.73,8436.63
224350,75.73,8436.63
224360,75.73,8436.63
224370,75.73,8436.63
224380,75.73,8436.63
224390,75.73,8436.63
224400,75.73,8436.63
224410,75.73,8436.63
224420,75.73,8596.85
224430,75.73,8596.85
224440,75.73,8596.85
224450,75.73,8596.85
224460,75.73,8596.85
224470,75.73,8596.85
224480,75.73,8596.85
224490,75.73,8596.85
224500,75.73,8596.85
224510,75.73,8596.85
224520,75.73,8596.85
224530,75.73,8596.85
224540,75.73,8596.85
224550,75.58,8596.85
224560,75.58,8596.85
224570,75.58,8596.85
224580,75.58,8596.85
224590,75.58,8596.85
224600,75.58,8596.85
224610,75.58,8596.85
224620,75.58,8596.85
224630,75.58,8596.85
224640,75.58,8596.85
224650,75.58,8596.85
224660,75.58,8596.85
224670,75.58,8596.85
224680,75.58,8596.85
224690,75.58,8596.85
224700,75.58,8596.85
224710,75.58,8596.85
224720,75.58,8596.85
224730,75.58,8596.85
224740,75.58,8596.85
224750,75.58,8596.85
224760,75.58,8596.85
224770,75.58,8568.35
224780,75.58,8568.35
224790,75.58,8568.35
224800,75.58,8568.35
224810,75.58,8568.35
224820,75.42,8568.35
224830,75.42,8568.35
224840,75.42,8568.35
224850,75.42,8568.35
224860,75.42,8568.35
224870,75.42,8568.35
224880,75.42,8568.35
224890,75.42,8568.35
224900,75.42,8568.35
224910,75.42,8568.35
224920,75.42,8568.35
224930,75.42,8568.35
224940,75.42,8568.35
224950,75.42,8568.35
224960,75.42,8568.35
224970,75.42,8568.35
224980,75.42,8568.35
224990,75.42,8568.35
225000,75.42,8568.35
225010,75.42,8568.35
225020,75.42,8568.35
225030,75.42,8568.35
225040,75.42,8568.35
225050,75.42,8568.35
225060,75.42,8568.35
225070,75.42,8568.35
225080,75.42,8636.05
225090,75.42,8636.05
225100,75.42,8636.05
225110,75.42,8636.05
225120,75.42,8636.05
225130,75.42,8636.05
225140,75.42,8636.05
225150,75.42,8636.05
225160,75.42,8636.05
225170,75.42,8636.05
225180,75.42,8636.05
225190,75.42,8636.05
225200,75.42,8636.05
225210,75.42,8636.05
225220,75.42,8636.05
225230,75.42,8636.05
225240,75.42,8636.05
225250,75.42,8636.05
225260,75.42,8636.05
225270,75.42,8636.05
225280,75.42,8636.05
225290,75.42,8757.46
225300,75.51,8757.46
225310,75.51,8757.46
225320,75.51,8757.46
225330,75.51,8757.46
225340,75.51,8757.46
225350,75.51,8757.46
225360,75.51,8757.46
225370,75.51,8757.46
225380,75.51,8757.46
225390,75.51,8757.46
225400,75.51,8757.46
225410,75.51,8757.46
225420,75.51,8757.46
225430,75.51,8757.46
225440,75.51,8757.46
225450,75.51,8757.46
225460,75.51,8757.46
225470,75.51,8757.46
225480,75.51,8757.46
225490,75.51,8757.46
225500,75.51,8757.46
225510,75.51,8757.46
225520,75.51,8757.46
225530,75.51,8757.46
225540,75.51,8757.46
225550,75.51,8757.46
225560,75.81,8757.46
225570,75.81,8757.46
225580,75.81,8757.46
225590,75.81,8757.46
225600,75.81,8757.46
225610,75.81,8757.46
225620,75.81,8757.46
225630,75.81,8757.46
225640,75.81,8757.46
225650,75.81,8757.46
225660,75.81,8825.07
225670,75.81,8825.07
225680,75.81,8825.07
225690,75.81,8825.07
225700,75.81,8825.07
225710,75.81,8825.07
225720,75.81,8825.07
225730,75.81,8825.07
225740,75.81,8825.07
225750,75.81,8825.07
225760,75.66,8825.07
225770,75.66,8825.07
225780,75.66,8825.07
225790,75.66,8825.07
225800,75.66,8825.07
225810,75.66,8825.07
225820,75.66,8825.07
225830,75.66,8825.07
225840,75.66,8825.07
225850,75.66,8825.07
225860,75.66,8825.07
225870,75.66,8825.07
225880,75.66,8825.07
225890,75.66,8825.07
225900,75.66,8825.07
225910,75.66,8825.07
225920,75.66,8825.07
225930,75.66,8825.07
225940,75.66,8825.07
225950,75.66,8825.07
225960,75.66,8825.07
225970,75.66,8893.35
225980,75.66,8893.35
225990,75.66,8893.35
226000,75.66,8893.35
226010,75.54,8893.35
226020,75.54,8893.35
226030,75.54,8893.35
226040,75.54,8893.35
226050,75.54,8893.35
226060,75.54,8893.35
226070,75.54,8893.35
226080,75.54,8893.35
226090,75.54,8893.35
226100,75.54,8893.35
226110,75.54,8893.35
226120,75.54,8893.35
226130,75.54,8893.35
226140,75.54,8893.35
226150,75.54,8893.35
226160,75.54,8893.35
226170,75.54,8893.35
226180,75.54,8756.88
226190,75.54,8756.88
226200,75.54,8756.88
226210,75.54,8756.88
226220,75.06,8756.88
226230,75.06,8756.88
226240,75.06,8756.88
226250,75.06,8756.88
226260,75.06,8756.88
226270,75.06,8756.88
226280,75.06,8756.88
226290,75.06,8756.88
226300,75.06,8756.88
226310,75.06,8756.88
226320,75.06,8756.88
226330,75.06,8756.88
226340,75.06,8756.88
226350,75.06,8756.88
226360,75.06,8756.88
226370,75.06,8756.88
226380,75.06,8756.88
226390,75.06,8756.88
226400,75.06,8634.75
226410,75.06,8634.75
226420,75.06,8634.75
226430,75.06,8634.75
226440,75.06,8634.75
226450,75.06,8634.75
226460,75.06,8634.75
226470,75.06,8634.75
226480,75.06,8634.75
226490,75.42,8634.75
226500,75.42,8634.75
226510,75.42,8634.75
226520,75.42,8634.75
226530,75.42,8634.75
226540,75.42,8634.75
226550,75.42,8634.75
226560,75.42,8634.75
226570,75.42,8634.75
226580,75.42,8634.75
226590,75.42,8634.75
226600,75.42,8634.75
226610,75.42,8634.75
226620,75.42,8634.75
226630,75.42,8634.75
226640,75.42,8634.75
226650,75.42,8634.75
226660,75.42,8634.75
226670,75.42,8634.75
226680,75.42,8634.75
226690,75.42,8634.75
226700,75.42,8634.75
226710,75.42,8634.75
226720,75.42,8634.75
226730,75.42,8634.75
226740,75.42,8634.75
226750,75.42,8634.75
226760,75.42,8634.75
226770,75.42,8634.75
226780,75.42,8537.25
226790,75.42,8537.25
226800,75.42,8537.25
226810,75.42,8537.25
226820,75.42,8537.25
226830,75.42,8537.25
226840,75.42,8537.25
226850,75.42,8537.25
226860,75.42,8537.25
226870,75.42,8537.25
226880,75.42,8537.25
226890,75.42,8537.25
226900,75.42,8537.25
226910,75.42,8537.25
226920,74.98,8537.25
226930,74.98,8537.25
226940,74.98,8537.25
226950,74.98,8537.25
226960,74.98,8537.25
226970,74.98,8537.25
226980,74.98,8537.25
226990,74.98,8537.25
227000,74.98,8537.25
227010,74.98,8537.25
227020,74.98,8537.25
227030,74.98,8537.25
227040,74.98,8537.25
227050,74.98,8537.25
227060,74.98,8537.25
227070,74.98,8537.25
227080,74.98,8537.25
227090,74.98,8537.25
227100,74.98,8537.25
227110,74.98,8537.25
227120,74.98,8537.25
227130,74.98,8537.25
227140,74.98,8537.25
227150,74.98,8537.25
227160,74.98,8537.25
227170,75.5,8537.25
227180,75.5,8537.25
227190,75.5,8537.25
227200,75.5,8611.32
227210,75.5,8611.32
227220,75.5,8611.32
227230,75.5,8611.32
227240,75.5,8611.32
227250,75.5,8611.32
227260,75.5,8611.32
227270,75.5,8611.32
227280,75.5,8611.32
227290,75.5,8611.32
227300,75.5,8611.32
227310,75.5,8611.32
227320,75.5,8611.32
227330,75.5,8611.32
227340,75.5,8611.32
227350,75.5,8611.32
227360,75.5,8611.32
227370,75.5,8611.32
227380,75.5,8611.32
227390,75.5,8611.32
227400,75.5,8560.59
227410,75.5,8560.59
227420,75.5,8560.59
227430,75.5,8560.59
227440,75.5,8560.59
227450,75.5,8560.59
227460,75.5,8560.59
227470,75.5,8560.59
227480,75.5,8560.59
227490,75.5,8560.59
227500,75.5,8560.59
227510,75.5,8560.59
227520,75.5,8560.59
227530,75.5,8560.59
227540,75.5,8560.59
227550,75.5,8560.59
227560,75.5,8560.59
227570,75.5,8560.59
227580,75.5,8560.59
227590,75.5,8560.59
227600,75.5,8560.59
227610,75.5,8560.59
227620,75.5,8560.59
227630,75.5,8560.59
227640,75.5,8560.59
227650,75.5,8560.59
227660,74.99,8560.59
227670,74.99,8560.59
227680,74.99,8560.59
227690,74.99,8401.95
227700,74.99,8401.95
227710,74.99,8401.95
227720,74.99,8401.95
227730,74.99,8401.95
227740,74.99,8401.95
227750,74.99,8401.95
227760,74.99,8401.95
227770,74.99,8401.95
227780,74.99,8401.95
227790,74.99,8401.95
227800,74.99,8401.95
227810,74.99,8401.95
227820,74.99,8401.95
227830,74.99,8401.95
227840,74.99,8401.95
227850,74.99,8401.95
227860,74.99,8401.95
227870,74.99,8401.95
227880,74.99,8401.95
227890,74.99,8401.95
227900,74.99,8401.95
227910,74.99,8401.95
227920,74.99,8401.95
227930,74.99,8401.95
227940,74.99,8401.95
227950,74.99,8401.95
227960,74.99,8401.95
227970,74.99,8401.95
227980,74.99,8401.95
227990,74.99,8401.95
228000,74.99,8401.95
228010,74.99,8401.95
228020,74.99,8401.95
228030,74.99,8401.95
228040,74.99,8401.95
228050,75.09,8401.95
228060,75.09,8401.95
228070,75.09,8401.95
228080,75.09,8401.95
228090,75.09,8401.95
228100,75.09,8401.95
228110,75.09,8344.51
228120,75.09,8344.51
228130,75.09,8344.51
228140,75.09,8344.51
228150,75.09,8344.51
228160,75.09,8344.51
228170,75.09,8344.51
228180,75.09,8344.51
228190,75.09,8344.51
228200,75.09,8344.51
228210,75.09,8344.51
228220,75.09,8344.51
228230,75.09,8344.51
228240,75.09,8344.51
228250,75.09,8344.51
228260,75.09,8344.51
228270,75.09,8344.51
228280,75.09,8344.51
228290,75.09,8344.51
228300,75.09,8344.51
228310,75.09,8344.51
228320,75.09,8344.51
228330,75.09,8344.51
228340,75.09,8344.51
228350,75.09,8344.51
228360,75.09,8486.49
228370,75.09,8486.49
228380,75.09,8486.49
228390,75.09,8486.49
228400,75.09,8486.49
228410,75.09,8486.49
228420,75.09,8486.49
228430,75.09,8486.49
228440,75.09,8486.49
228450,75.09,8486.49
228460,75.09,8486.49
228470,75.09,8486.49
228480,75.09,8486.49
228490,75.09,8486.49
228500,75.09,8486.49
228510,75.09,8486.49
228520,74.98,8486.49
228530,74.98,8486.49
228540,74.98,8486.49
228550,74.98,8486.49
228560,74.98,8486.49
228570,74.98,8486.49
228580,74.98,8486.49
228590,74.98,8486.49
228600,74.98,8486.49
228610,74.98,8486.49
228620,74.98,8486.49
228630,74.98,8486.49
228640,74.98,8486.49
228650,74.98,8486.49
228660,74.98,8486.49
228670,74.98,8486.49
228680,74.98,8486.49
228690,74.98,8486.49
228700,74.98,8486.49
228710,74.98,8486.49
228720,74.98,8486.49
228730,74.98,8486.49
228740,74.98,8486.49
228750,74.98,8486.49
228760,74.98,8486.49
228770,74.98,8486.49
228780,74.98,8486.49
228790,74.98,8486.49
228800,74.98,8486.49
228810,74.98,8327.33
228820,74.98,8327.33
228830,74.98,8327.33
228840,74.98,8327.33
228850,74.98,8327.33
228860,74.98,8327.33
228870,74.98,8327.33
228880,74.98,8327.33
228890,74.98,8327.33
228900,74.98,8327.33
228910,74.98,8327.33
228920,74.98,8327.33
228930,74.98,8327.33
228940,74.98,8327.33
228950,74.98,8327.33
228960,74.98,8327.33
228970,74.98,8327.33
228980,74.98,8327.33
228990,74.98,8327.33
229000,74.98,8327.33
229010,74.98,8327.33
229020,74.98,8327.33
229030,74.98,8327.33
229040,74.98,8327.33
229050,74.98,8327.33
229060,74.98,8327.33
229070,74.98,8327.33
229080,74.98,8327.33
229090,74.98,8327.33
229100,74.98,8327.33
229110,74.98,8327.33
229120,74.98,8327.33
229130,74.98,8327.33
229140,74.98,8327.33
229150,74.98,8327.33
229160,74.98,8327.33
229170,74.98,8252.42
229180,74.98,8252.42
229190,74.98,8252.42
229200,74.98,8252.42
229210,74.98,8252.42
229220,74.98,8252.42
229230,74.98,8252.42
229240,74.98,8252.42
229250,74.98,8252.42
229260,74.98,8252.42
229270,74.98,8252.42
229280,74.98,8252.42
229290,74.98,8252.42
229300,74.98,8252.42
229310,74.98,8252.42
229320,74.98,8252.42
229330,74.98,8252.42
229340,74.98,8252.42
229350,74.98,8252.42
229360,74.98,8252.42
229370,74.98,8252.42
229380,75.22,8252.42
229390,75.22,8252.42
229400,75.22,8252.42
229410,75.22,8252.42
229420,75.22,8252.42
229430,75.22,8252.42
229440,75.22,8252.42
229450,75.22,8252.42
229460,75.22,8252.42
229470,75.22,8252.42
229480,75.22,8252.42
229490,75.22,8252.42
229500,75.22,8252.42
229510,75.22,8252.42
229520,75.22,8252.42
229530,75.22,8252.42
229540,75.22,8252.42
229550,75.22,8252.42
229560,75.22,8252.42
229570,75.22,8252.42
229580,75.22,8252.42
229590,75.22,8252.42
229600,75.22,8252.42
229610,75.22,8252.42
229620,75.22,8252.42
229630,75.22,8188.51
229640,75.22,8188.51
229650,75.22,8188.51
229660,75.69,8188.51
229670,75.69,8188.51
229680,75.69,8188.51
229690,75.69,8188.51
229700,75.69,8188.51
229710,75.69,8188.51
229720,75.69,8188.51
229730,75.69,8188.51
229740,75.69,8188.51
229750,75.69,8188.51
229760,75.69,8188.51
229770,75.69,8188.51
229780,75.69,8188.51
229790,75.69,8188.51
229800,75.69,8188.51
229810,75.69,8188.51
229820,75.69,8188.51
229830,75.69,8188.51
229840,75.69,8188.51
229850,75.69,8188.51
229860,75.69,8188.51
229870,75.69,8188.51
229880,75.65,8188.51
229890,75.65,8188.51
229900,75.65,8188.51
229910,75.65,8314.9
229920,75.65,8314.9
229930,75.65,8314.9
229940,75.65,8314.9
229950,75.65,8314.9
229960,75.65,8314.9
229970,75.65,8314.9
229980,75.65,8314.9
229990,75.65,8314.9
230000,75.65,8314.9
230010,75.65,8314.9
230020,75.65,8314.9
230030,75.65,8314.9
230040,75.65,8314.9
230050,75.65,8314.9
230060,75.65,8314.9
230070,75.65,8314.9
230080,75.65,8314.9
230090,75.65,8314.9
230100,75.65,8314.9
230110,75.65,8314.9
230120,75.65,8314.9
230130,75.65,8314.9
230140,75.65,8314.9
230150,75.65,8314.9
230160,75.65,8314.9
230170,75.65,8314.9
230180,75.65,8314.9
230190,75.65,8314.9
230200,75.65,8314.9
230210,75.65,8314.9
230220,75.65,8314.9
230230,75.65,8314.9
230240,75.65,8314.9
230250,75.65,8275.84
230260,75.65,8275.84
230270,75.65,8275.84
230280,75.65,8275.84
230290,75.65,8275.84
230300,75.65,8275.84
230310,75.65,8275.84
230320,75.65,8275.84
230330,75.65,8275.84
230340,75.65,8275.84
230350,75.65,8275.84
230360,75.65,8275.84
230370,75.65,8275.84
230380,75.65,8275.84
230390,75.65,8275.84
230400,75.65,8275.84
230410,75.65,8275.84
230420,75.65,8275.84
230430,75.65,8275.84
230440,75.65,8275.84
230450,75.65,8275.84
230460,75.65,8275.84
230470,75.65,8275.84
230480,75.65,8275.84
230490,75.65,8275.84
230500,75.65,8275.84
230510,75.65,8275.84
230520,75.65,8275.84
230530,75.65,8275.84
230540,75.65,8275.84
230550,75.65,8275.84
230560,75.65,8275.84
230570,75.65,8275.84
230580,75.65,8275.84
230590,75.65,8275.84
230600,75.65,8275.84
230610,75.65,8275.84
230620,75.65,8275.84
230630,75.95,8275.84
230640,75.95,8275.84
230650,75.95,8238.86
230660,75.95,8238.86
230670,75.95,8238.86
230680,75.95,8238.86
230690,75.95,8238.86
230700,75.95,8238.86
230710,75.95,8238.86
230720,75.95,8238.86
230730,75.95,8238.86
230740,75.95,8238.86
230750,75.95,8238.86
230760,75.95,8238.86
230770,75.95,8238.86
230780,75.95,8238.86
230790,75.95,8238.86
230800,75.95,8238.86
230810,75.95,8238.86
230820,75.95,8238.86
230830,75.95,8238.86
230840,75.95,8238.86
230850,75.95,8238.86
230860,75.95,8238.86
230870,75.95,8238.86
230880,75.95,8238.86
230890,75.95,8238.86
230900,75.95,8238.86
230910,75.95,8238.86
230920,75.95,8238.86
230930,75.95,8238.86
230940,75.95,8238.86
230950,75.95,8238.86
230960,75.95,8238.86
230970,75.95,8238.86
230980,75.95,8238.86
230990,76.5,8238.86
231000,76.5,8267.49
231010,76.5,8267.49
231020,76.5,8267.49
231030,76.5,8267.49
231040,76.5,8267.49
231050,76.5,8267.49
231060,76.5,8267.49
231070,76.5,8267.49
231080,76.5,8267.49
231090,76.5,8267.49
231100,76.5,8267.49
231110,76.5,8267.49
231120,76.5,8267.49
231130,76.5,8267.49
231140,76.5,8267.49
231150,76.5,8267.49
231160,76.5,8267.49
231170,76.5,8267.49
231180,76.5,8267.49
231190,77.05,8267.49
231200,77.05,8267.49
231210,77.05,8267.49
231220,77.05,8267.49
231230,77.05,8364.98
231240,77.05,8364.98
231250,77.05,8364.98
231260,77.05,8364.98
231270,77.05,8364.98
231280,77.05,8364.98
231290,77.05,8364.98
231300,77.05,8364.98
231310,77.05,8364.98
231320,77.05,8364.98
231330,77.05,8364.98
231340,77.05,8364.98
231350,77.05,8364.98
231360,77.05,8364.98
231370,77.05,8364.98
231380,77.05,8364.98
231390,77.05,8364.98
231400,76.74,8364.98
231410,76.74,8364.98
231420,76.74,8364.98
231430,76.74,8445.21
231440,76.74,8445.21
231450,76.74,8445.21
231460,76.74,8445.21
231470,76.74,8445.21
231480,76.74,8445.21
231490,76.74,8445.21
231500,76.74,8445.21
231510,76.74,8445.21
231520,76.74,8445.21
231530,76.74,8445.21
231540,76.74,8445.21
231550,76.74,8445.21
231560,76.74,8445.21
231570,76.74,8445.21
231580,76.74,8445.21
231590,76.74,8445.21
231600,76.74,8445.21
231610,76.74,8445.21
231620,76.74,8445.21
231630,76.74,8445.21
231640,76.74,8445.21
231650,76.74,8445.21
231660,76.74,8445.21
231670,77.09,8445.21
231680,77.09,8445.21
231690,77.09,8445.21
231700,77.09,8445.21
231710,77.09,8445.21
231720,77.09,8445.21
231730,77.09,8445.21
231740,77.09,8445.21
231750,77.09,8445.21
231760,77.09,8445.21
231770,77.09,8445.21
231780,77.09,8445.21
231790,77.09,8445.21
231800,77.09,8445.21
231810,77.09,8445.21
231820,77.09,8445.21
231830,77.09,8445.21
231840,77.09,8445.21
231850,77.09,8445.21
231860,77.09,8445.21
231870,77.09,8445.21
231880,77.09,8445.21
231890,77.09,8445.21
231900,77.09,8445.21
231910,77.09,8429.01
231920,77.09,8429.01
231930,77.09,8429.01
231940,77.09,8429.01
231950,77.09,8429.01
231960,77.09,8429.01
231970,77.09,8429.01
231980,77.09,8429.01
231990,77.09,8429.01
232000,77.09,8429.01
232010,77.09,8429.01
232020,77.09,8429.01
232030,77.09,8429.01
232040,77.09,8429.01
232050,77.09,8429.01
232060,77.09,8429.01
232070,77.09,8429.01
232080,77.09,8429.01
232090,77.09,8429.01
232100,77.09,8429.01
232110,77.09,8429.01
232120,77.09,8429.01
232130,77.09,8429.01
232140,77.48,8429.01
232150,77.48,8429.01
232160,77.48,8429.01
232170,77.48,8429.01
232180,77.48,8429.01
232190,77.48,8445.5
232200,77.48,8445.5
232210,77.48,8445.5
232220,77.48,8445.5
232230,77.48,8445.5
232240,77.48,8445.5
232250,77.48,8445.5
232260,77.48,8445.5
232270,77.48,8445.5
232280,77.48,8445.5
232290,77.48,8445.5
232300,77.48,8445.5
232310,77.48,8445.5
232320,77.48,8445.5
232330,77.48,8445.5
232340,77.48,8445.5
232350,77.48,8445.5
232360,77.48,8445.5
232370,77.48,8445.5
232380,77.48,8445.5
232390,77.48,8445.5
232400,77.48,8445.5
232410,77.48,8445.5
232420,77.15,8445.5
232430,77.15,8445.5
232440,77.15,8445.5
232450,77.15,8445.5
232460,77.15,8445.5
232470,77.15,8445.5
232480,77.15,8445.5
232490,77.15,8445.5
232500,77.15,8445.5
232510,77.15,8445.5
232520,77.15,8445.5
232530,77.15,8445.5
232540,77.15,8445.5
232550,77.15,8445.5
232560,77.15,8445.5
232570,77.15,8445.5
232580,77.15,8445.5
232590,77.15,8445.5
232600,77.15,8445.5
232610,77.15,8445.5
232620,77.15,8445.5
232630,77.15,8357.96
232640,77.15,8357.96
232650,77.15,8357.96
232660,77.15,8357.96
232670,77.15,8357.96
232680,77.15,8357.96
232690,77.15,8357.96
232700,77.15,8357.96
232710,77.15,8357.96
232720,77.15,8357.96
232730,77.15,8357.96
232740,77.15,8357.96
232750,77.15,8357.96
232760,77.15,8357.96
232770,77.15,8357.96
232780,77.15,8357.96
232790,77.15,8357.96
232800,77.15,8357.96
232810,77.15,8357.96
232820,77.15,8357.96
232830,77.15,8357.96
232840,77.15,8357.96
232850,77.15,8357.96
232860,77.15,8357.96
232870,77.15,8357.96
232880,77.15,8357.96
232890,77.15,8357.96
232900,76.6,8357.96
232910,76.6,8357.96
232920,76.6,8364.9
232930,76.6,8364.9
232940,76.6,8364.9
232950,76.6,8364.9
232960,76.6,8364.9
232970,76.6,8364.9
232980,76.6,8364.9
232990,76.6,8364.9
233000,76.6,8364.9
233010,76.6,8364.9
233020,76.6,8364.9
233030,76.6,8364.9
233040,76.6,8364.9
233050,76.6,8364.9
233060,76.6,8364.9
233070,76.6,8364.9
233080,76.6,8364.9
233090,76.6,8364.9
233100,76.6,8364.9
233110,76.6,8364.9
233120,76.6,8364.9
233130,76.6,8414.81
233140,76.6,8414.81
233150,76.6,8414.81
233160,76.6,8414.81
233170,76.6,8414.81
233180,76.6,8414.81
233190,76.6,8414.81
233200,76.6,8414.81
233210,76.6,8414.81
233220,76.6,8414.81
233230,76.6,8414.81
233240,76.6,8414.81
233250,76.6,8414.81
233260,76.6,8414.81
233270,76.6,8414.81
233280,76.6,8414.81
233290,76.6,8414.81
233300,76.6,8414.81
233310,76.6,8414.81
233320,76.6,8414.81
233330,76.6,8414.81
233340,76.6,8414.81
233350,76.6,8414.81
233360,76.6,8414.81
233370,76.6,8414.81
233380,76.6,8414.81
233390,76.74,8414.81
233400,76.74,8414.81
233410,76.74,8414.81
233420,76.74,8414.81
233430,76.74,8414.81
233440,76.74,8414.81
233450,76.74,8414.81
233460,76.74,8414.81
233470,76.74,8414.81
233480,76.74,8414.81
233490,76.74,8414.81
233500,76.74,8414.81
233510,76.74,8519.37
233520,76.74,8519.37
233530,76.74,8519.37
233540,76.74,8519.37
233550,76.74,8519.37
233560,76.74,8519.37
233570,76.74,8519.37
233580,76.74,8519.37
233590,76.74,8519.37
233600,76.74,8519.37
233610,76.74,8519.37
233620,76.75,8519.37
233630,76.75,8519.37
233640,76.75,8519.37
233650,76.75,8519.37
233660,76.75,8519.37
233670,76.75,8519.37
233680,76.75,8519.37
233690,76.75,8519.37
233700,76.75,8519.37
233710,76.75,8495.63
233720,76.75,8495.63
233730,76.75,8495.63
233740,76.75,8495.63
233750,76.75,8495.63
233760,76.75,8495.63
233770,76.75,8495.63
233780,76.75,8495.63
233790,76.75,8495.63
233800,76.75,8495.63
233810,76.75,8495.63
233820,76.75,8495.63
233830,76.75,8495.63
233840,76.75,8495.63
233850,76.75,8495.63
233860,76.75,8495.63
233870,76.75,8495.63
233880,76.75,8495.63
233890,76.75,8495.63
233900,76.75,8495.63
233910,76.75,8495.63
233920,76.75,8495.63
233930,76.75,8495.63
233940,76.75,8495.63
233950,76.75,8495.63
233960,76.75,8495.63
233970,76.75,8495.63
233980,76.75,8495.63
233990,76.75,8495.63
234000,76.75,8495.63
234010,76.75,8495.63
234020,76.33,8495.63
234030,76.33,8495.63
234040,76.33,8495.63
234050,76.33,8421.15
234060,76.33,8421.15
234070,76.33,8421.15
234080,76.33,8421.15
234090,76.33,8421.15
234100,76.33,8421.15
234110,76.33,8421.15
234120,76.33,8421.15
234130,76.33,8421.15
234140,76.33,8421.15
234150,76.33,8421.15
234160,76.33,8421.15
234170,76.33,8421.15
234180,76.33,8421.15
234190,76.33,8421.15
234200,76.33,8421.15
234210,76.33,8421.15
234220,76.33,8421.15
234230,76.33,8421.15
234240,76.33,8421.15
234250,76.33,8421.15
234260,76.33,8421.15
234270,76.33,8421.15
234280,76.33,8421.15
234290,75.93,8421.15
234300,75.93,8421.15
234310,75.93,8421.15
234320,75.93,8421.15
234330,75.93,8421.15
234340,75.93,8421.15
234350,75.93,8421.15
234360,75.93,8421.15
234370,75.93,8421.15
234380,75.93,8421.15
234390,75.93,8421.15
234400,75.93,8421.15
234410,75.93,8421.15
234420,75.93,8421.15
234430,75.93,8421.15
234440,75.93,8421.15
234450,75.93,8421.15
234460,75.93,8421.15
234470,75.93,8421.15
234480,75.93,8421.15
234490,75.93,8421.15
234500,75.93,8421.15
234510,75.93,8416.29
234520,75.93,8416.29
234530,75.93,8416.29
234540,75.93,8416.29
234550,75.93,8416.29
234560,75.93,8416.29
234570,75.93,8416.29
234580,75.93,8416.29
234590,75.93,8416.29
234600,75.93,8416.29
234610,75.93,8416.29
234620,75.93,8416.29
234630,75.93,8416.29
234640,75.93,8416.29
234650,75.93,8416.29
234660,75.93,8416.29
234670,75.93,8416.29
234680,75.93,8416.29
234690,75.93,8416.29
234700,75.93,8416.29
234710,75.93,8416.29
234720,75.93,8416.29
234730,75.93,8416.29
234740,75.93,8416.29
234750,75.93,8416.29
234760,75.65,8416.29
234770,75.65,8416.29
234780,75.65,8416.29
234790,75.65,8416.29
234800,75.65,8416.29
234810,75.65,8416.29
234820,75.65,8416.29
234830,75.65,8416.29
234840,75.65,8416.29
234850,75.65,8416.29
234860,75.65,8416.29
234870,75.65,8416.29
234880,75.65,8416.29
234890,75.65,8416.29
234900,75.65,8416.29
234910,75.65,8377.08
234920,75.65,8377.08
234930,75.65,8377.08
234940,75.65,8377.08
234950,75.65,8377.08
234960,75.65,8377.08
234970,75.65,8377.08
234980,75.65,8377.08
234990,75.65,8377.08
235000,75.65,8377.08
235010,75.65,8377.08
235020,75.65,8377.08
235030,75.65,8377.08
235040,75.65,8377.08
235050,75.65,8377.08
235060,75.65,8377.08
235070,75.65,8377.08
235080,75.65,8377.08
235090,75.65,8377.08
235100,75.65,8377.08
235110,75.65,8377.08
235120,75.65,8377.08
235130,75.65,8377.08
235140,75.65,8227.24
235150,75.65,8227.24
235160,75.65,8227.24
235170,75.65,8227.24
235180,75.65,8227.24
235190,75.65,8227.24
235200,75.65,8227.24
235210,75.65,8227.24
235220,75.65,8227.24
235230,75.65,8227.24
235240,75.65,8227.24
235250,75.65,8227.24
235260,75.65,8227.24
235270,75.65,8227.24
235280,75.65,8227.24
235290,75.65,8227.24
235300,75.65,8227.24
235310,75.65,8227.24
235320,75.65,8227.24
235330,75.65,8227.24
235340,75.65,8227.24
235350,75.65,8227.24
235360,75.65,8227.24
235370,75.65,8227.24
235380,75.65,8227.24
235390,75.65,8227.24
235400,75.65,8227.24
235410,75.65,8227.24
235420,75.65,8227.24
235430,75.65,8227.24
235440,75.65,8227.24
235450,75.65,8227.24
235460,75.65,8227.24
235470,75.65,8227.24
235480,75.65,8227.24
235490,75.65,8227.24
235500,75.65,8227.24
235510,75.65,8227.24
235520,75.65,8227.24
235530,75.65,8227.24
235540,75.86,8144.08
235550,75.86,8144.08
235560,75.86,8144.08
235570,75.86,8144.08
235580,75.86,8144.08
235590,75.86,8144.08
235600,75.86,8144.08
235610,75.86,8144.08
235620,75.86,8144.08
235630,75.86,8144.08
235640,75.86,8144.08
235650,75.86,8144.08
235660,75.86,8144.08
235670,75.86,8144.08
235680,75.86,8144.08
235690,75.86,8144.08
235700,75.86,8144.08
235710,75.86,8144.08
235720,75.86,8144.08
235730,75.86,8144.08
235740,75.86,8154.84
235750,75.86,8154.84
235760,75.86,8154.84
235770,75.86,8154.84
235780,75.86,8154.84
235790,75.86,8154.84
235800,75.86,8154.84
235810,75.86,8154.84
235820,75.86,8154.84
235830,75.86,8154.84
235840,75.86,8154.84
235850,75.86,8154.84
235860,75.86,8154.84
235870,75.86,8154.84
235880,75.86,8154.84
235890,75.86,8154.84
235900,75.86,8154.84
235910,75.86,8154.84
235920,75.86,8154.84
235930,75.86,8154.84
235940,75.86,8154.84
235950,75.86,8154.84
235960,76.09,8154.84
235970,76.09,8154.84
235980,76.09,8154.84
235990,76.09,8154.84
236000,76.09,8154.84
236010,76.09,8154.84
236020,76.09,8154.84
236030,76.09,8154.84
236040,76.09,8154.84
236050,76.09,8154.84
236060,76.09,8154.84
236070,76.09,8154.84
236080,76.09,8154.84
236090,76.09,8154.84
236100,76.09,8154.84
236110,76.09,8154.84
236120,76.09,8000.0
236130,76.09,8000.0
236140,76.09,8000.0
236150,76.09,8000.0
236160,76.09,8000.0
236170,76.09,8000.0
236180,76.09,8000.0
236190,76.09,8000.0
236200,76.09,8000.0
236210,76.09,8000.0
236220,76.09,8000.0
236230,76.09,8000.0
236240,76.09,8000.0
236250,76.09,8000.0
236260,76.09,8000.0
236270,76.09,8000.0
236280,76.09,8000.0
236290,76.09,8000.0
236300,76.09,8000.0
236310,76.09,8000.0
236320,76.09,8000.0
236330,76.09,8000.0
236340,76.09,8000.0
236350,76.09,8000.0
236360,76.09,8000.0
236370,76.09,8000.0
236380,76.09,8000.0
236390,76.09,8000.0
236400,76.09,8000.0
236410,76.09,8000.0
236420,76.4,8000.0
236430,76.4,8000.0
236440,76.4,8000.0
236450,76.4,8000.0
236460,76.4,8000.0
236470,76.4,8000.0
236480,76.4,8000.0
236490,76.4,8000.0
236500,76.4,8000.0
236510,76.4,8000.0
236520,76.4,8000.0
236530,76.4,8000.0
236540,76.4,8000.0
236550,76.4,8000.0
236560,76.4,8000.0
236570,76.4,8000.0
236580,76.4,8000.0
236590,76.4,8000.0
236600,76.4,8000.0
236610,76.4,8000.0
236620,76.61,8000.0
236630,76.61,8000.0
236640,76.61,8000.0
236650,76.61,8000.0
236660,76.61,8000.0
236670,76.61,8000.0
236680,76.61,8000.0
236690,76.61,8000.0
236700,76.61,8000.0
236710,76.61,8000.0
236720,76.61,8085.4
236730,76.61,8085.4
236740,76.61,8085.4
236750,76.61,8085.4
236760,76.61,8085.4
236770,76.61,8085.4
236780,76.61,8085.4
236790,76.61,8085.4
236800,76.61,8085.4
236810,76.61,8085.4
236820,76.61,8085.4
236830,76.61,8085.4
236840,76.61,8085.4
236850,76.61,8085.4
236860,76.61,8085.4
236870,76.61,8085.4
236880,76.61,8085.4
236890,76.61,8085.4
236900,76.61,8085.4
236910,76.61,8085.4
236920,76.61,8085.4
236930,76.61,8085.4
236940,76.61,8085.4
236950,76.61,8085.4
236960,76.79,8085.4
236970,76.79,8085.4
236980,76.79,8085.4
236990,76.79,8085.4
237000,76.79,8085.4
237010,76.79,8085.4
237020,76.79,8085.4
237030,76.79,8085.4
237040,76.79,8085.4
237050,76.79,8085.4
237060,76.79,8000.0
237070,76.79,8000.0
237080,76.79,8000.0
237090,76.79,8000.0
237100,76.79,8000.0
237110,76.79,8000.0
237120,76.79,8000.0
237130,76.79,8000.0
237140,76.79,8000.0
237150,76.79,8000.0
237160,76.79,8000.0
237170,76.79,8000.0
237180,76.79,8000.0
237190,76.79,8000.0
237200,76.79,8000.0
237210,76.79,8000.0
237220,76.79,8000.0
237230,76.79,8000.0
237240,76.79,8000.0
237250,76.79,8000.0
237260,76.79,8000.0
237270,76.79,8000.0
237280,76.79,8000.0
237290,76.79,8000.0
237300,76.79,8000.0
237310,76.79,8000.0
237320,76.79,8000.0
237330,76.79,8000.0
237340,76.72,8000.0
237350,76.72,8000.0
237360,76.72,8000.0
237370,76.72,8000.0
237380,76.72,8000.0
237390,76.72,8000.0
237400,76.72,8000.0
237410,76.72,8000.0
237420,76.72,8000.0
237430,76.72,8000.0
237440,76.72,8000.0
237450,76.72,8000.0
237460,76.72,8000.0
237470,76.72,8164.91
237480,76.72,8164.91
237490,76.72,8164.91
237500,76.72,8164.91
237510,76.72,8164.91
237520,76.72,8164.91
237530,76.72,8164.91
237540,76.72,8164.91
237550,76.72,8164.91
237560,76.72,8164.91
237570,76.72,8164.91
237580,76.72,8164.91
237590,76.72,8164.91
237600,76.72,8164.91
237610,76.72,8164.91
237620,76.72,8164.91
237630,76.83,8164.91
237640,76.83,8164.91
237650,76.83,8164.91
237660,76.83,8164.91
237670,76.83,8164.91
237680,76.83,8164.91
237690,76.83,8201.36
237700,76.83,8201.36
237710,76.83,8201.36
237720,76.83,8201.36
237730,76.83,8201.36
237740,76.83,8201.36
237750,76.83,8201.36
237760,76.83,8201.36
237770,76.83,8201.36
237780,76.83,8201.36
237790,76.83,8201.36
237800,76.83,8201.36
237810,76.83,8201.36
237820,76.83,8201.36
237830,77.13,8201.36
237840,77.13,8201.36
237850,77.13,8201.36
237860,77.13,8201.36
237870,77.13,8201.36
237880,77.13,8201.36
237890,77.13,8201.36
237900,77.13,8201.36
237910,77.13,8201.36
237920,77.13,8201.36
237930,77.13,8201.36
237940,77.13,8201.36
237950,77.13,8201.36
237960,77.13,8201.36
237970,77.13,8201.36
237980,77.13,8201.36
237990,77.13,8201.36
238000,77.13,8201.36
238010,77.13,8201.36
238020,77.13,8201.36
238030,77.13,8201.36
238040,77.13,8201.36
238050,77.13,8201.36
238060,77.13,8201.36
238070,77.13,8201.36
238080,77.13,8201.36
238090,77.13,8201.36
238100,77.13,8276.82
238110,77.13,8276.82
238120,77.13,8276.82
238130,77.13,8276.82
238140,77.13,8276.82
238150,77.13,8276.82
238160,77.13,8276.82
238170,77.13,8276.82
238180,77.13,8276.82
238190,77.13,8276.82
238200,77.13,8276.82
238210,77.13,8276.82
238220,77.13,8276.82
238230,77.13,8276.82
238240,77.13,8276.82
238250,77.46,8276.82
238260,77.46,8276.82
238270,77.46,8276.82
238280,77.46,8276.82
238290,77.46,8276.82
238300,77.46,8276.82
238310,77.46,8276.82
238320,77.46,8276.82
238330,77.46,8276.82
238340,77.46,8276.82
238350,77.46,8276.82
238360,77.46,8276.82
238370,77.46,8276.82
238380,77.46,8276.82
238390,77.46,8276.82
238400,77.46,8276.82
238410,77.46,8276.82
238420,77.46,8276.82
238430,77.46,8276.82
238440,77.46,8276.82
238450,77.46,8276.82
238460,77.46,8276.82
238470,77.46,8276.82
238480,77.46,8276.82
238490,77.46,8276.82
238500,77.46,8276.82
238510,77.46,8232.08
238520,77.46,8232.08
238530,77.46,8232.08
238540,77.46,8232.08
238550,77.46,8232.08
238560,77.46,8232.08
238570,77.46,8232.08
238580,77.46,8232.08
238590,77.46,8232.08
238600,77.46,8232.08
238610,77.46,8232.08
238620,77.46,8232.08
238630,77.46,8232.08
238640,77.46,8232.08
238650,77.46,8232.08
238660,77.46,8232.08
238670,77.46,8232.08
238680,77.46,8232.08
238690,77.46,8232.08
238700,77.46,8232.08
238710,77.46,8232.08
238720,77.46,8232.08
238730,77.46,8232.08
238740,77.63,8232.08
238750,77.63,8232.08
238760,77.63,8232.08
238770,77.63,8232.08
238780,77.63,8232.08
238790,77.63,8232.08
238800,77.63,8232.08
238810,77.63,8232.08
238820,77.63,8232.08
238830,77.63,8232.08
238840,77.63,8232.08
238850,77.63,8232.08
238860,77.63,8232.08
238870,77.63,8232.08
238880,77.63,8232.08
238890,77.63,8232.08
238900,77.63,8232.08
238910,77.63,8232.08
238920,77.63,8232.08
238930,77.63,8232.08
238940,77.63,8232.08
238950,77.63,8232.08
238960,77.63,8232.08
238970,77.63,8232.08
238980,77.63,8232.08
238990,77.63,8232.08
239000,77.63,8068.79
239010,77.63,8068.79
239020,77.63,8068.79
239030,78.01,8068.79
239040,78.01,8068.79
239050,78.01,8068.79
239060,78.01,8068.79
239070,78.01,8068.79
239080,78.01,8068.79
239090,78.01,8068.79
239100,78.01,8068.79
239110,78.01,8068.79
239120,78.01,8068.79
239130,78.01,8068.79
239140,78.01,8068.79
239150,78.01,8068.79
239160,78.01,8068.79
239170,78.01,8068.79
239180,78.01,8068.79
239190,78.01,8068.79
239200,78.01,8068.79
239210,78.01,8068.79
239220,78.01,8068.79
239230,78.01,8068.79
239240,78.01,8068.79
239250,78.01,8068.79
239260,78.01,8068.79
239270,78.01,8068.79
239280,78.01,8068.79
239290,78.01,8068.79
239300,78.01,8068.79
239310,78.01,8068.79
239320,78.01,8068.79
239330,78.01,8068.79
239340,78.01,8068.79
239350,78.01,8068.79
239360,78.01,8068.79
239370,78.01,8068.79
239380,78.01,8068.79
239390,78.01,8068.79
239400,78.01,8068.79
239410,78.01,8068.79
239420,78.01,8068.79
239430,78.01,8068.79
239440,78.01,8000.0
239450,78.01,8000.0
239460,78.01,8000.0
239470,78.01,8000.0
239480,77.73,8000.0
239490,77.73,8000.0
239500,77.73,8000.0
239510,77.73,8000.0
239520,77.73,8000.0
239530,77.73,8000.0
239540,77.73,8000.0
239550,77.73,8000.0
239560,77.73,8000.0
239570,77.73,8000.0
239580,77.73,8000.0
239590,77.73,8000.0
239600,77.73,8000.0
239610,77.73,8000.0
239620,77.73,8000.0
239630,77.73,8000.0
239640,77.73,8000.0
239650,77.73,8000.0
239660,77.73,8000.0
239670,77.73,8000.0
239680,77.73,8000.0
239690,77.73,8000.0
239700,77.73,8000.0
239710,77.73,8000.0
239720,77.73,8000.0
239730,77.73,8000.0
239740,77.73,8000.0
239750,77.73,8000.0
239760,77.73,8000.0
239770,77.73,8000.0
239780,77.73,8000.0
239790,77.73,8000.0
239800,77.73,8000.0
239810,77.73,8000.0
239820,77.73,8000.0
239830,77.73,8000.0
239840,77.73,8000.0
239850,77.73,8000.0
239860,77.73,8000.0
239870,77.91,8000.0
239880,77.91,8000.0
239890,77.91,8000.0
239900,77.91,8000.0
239910,77.91,8000.0
239920,77.91,8000.0
239930,77.91,8000.0
239940,77.91,8000.0
239950,77.91,8000.0
239960,77.91,8000.0
239970,77.91,8000.0
239980,77.91,8000.0
239990,77.91,8000.0
240000,77.91,8000.0
240010,77.91,8000.0
240020,77.91,8000.0
240030,77.91,8000.0
240040,77.91,8000.0
240050,77.91,8000.0
240060,77.91,8000.0
240070,77.91,8000.0
240080,77.91,8000.0
240090,77.91,8000.0
240100,77.91,8000.0
240110,77.91,8000.0
240120,77.91,8000.0
240130,77.91,8000.0
240140,77.91,8000.0
240150,77.91,8000.0
240160,77.91,8000.0
240170,77.91,8000.0
240180,77.91,8000.0
240190,77.91,8000.0
240200,77.91,8000.0
240210,77.91,8000.0
240220,77.91,8000.0
240230,77.91,8000.0
240240,77.91,8000.0
240250,77.91,8000.0
240260,77.91,8000.0
240270,77.91,8000.0
240280,77.91,8000.0
240290,77.91,8000.0
240300,77.91,8000.0
240310,77.91,8000.0
240320,77.91,8000.0
240330,77.91,8000.0
240340,77.91,8000.0
240350,77.91,8000.0
240360,77.91,8000.0
240370,77.91,8000.0
240380,77.91,8000.0
240390,77.91,8000.0
240400,77.91,8000.0
240410,77.91,8000.0
240420,77.91,8000.0
240430,77.91,8000.0
240440,77.91,8000.0
240450,77.91,8000.0
240460,77.91,8000.0
240470,77.91,8000.0
240480,77.91,8000.0
240490,77.91,8000.0
240500,77.91,8000.0
240510,77.91,8000.0
240520,77.91,8000.0
240530,77.91,8000.0
240540,77.91,8000.0
240550,77.91,8000.0
240560,77.91,8000.0
240570,77.91,8000.0
240580,77.91,8000.0
240590,77.91,8000.0
240600,77.91,8000.0
240610,77.91,8000.0
240620,77.91,8000.0
240630,77.91,8000.0
240640,77.91,8000.0
240650,77.91,8000.0
240660,77.91,8000.0
240670,78.16,8000.0
240680,78.16,8000.0
240690,78.16,8000.0
240700,78.16,8000.0
240710,78.16,8000.0
240720,78.16,8000.0
240730,78.16,8000.0
240740,78.16,8000.0
240750,78.16,8000.0
240760,78.16,8000.0
240770,78.16,8000.0
240780,78.16,8000.0
240790,78.16,8000.0
240800,78.16,8000.0
240810,78.16,8000.0
240820,78.16,8000.0
240830,78.16,8000.0
240840,78.16,8000.0
240850,78.16,8000.0
240860,78.16,8000.0
240870,78.16,8000.0
240880,78.07,8000.0
240890,78.07,8000.0
240900,78.07,8000.0
240910,78.07,8000.0
240920,78.07,8000.0
240930,78.07,8000.0
240940,78.07,8000.0
240950,78.07,8000.0
240960,78.07,8000.0
240970,78.07,8000.0
240980,78.07,8000.0
240990,78.07,8000.0
241000,78.07,8000.0
241010,78.07,8000.0
241020,78.07,8000.0
241030,78.07,8000.0
241040,78.07,8000.0
241050,78.07,8000.0
241060,78.07,8000.0
241070,78.07,8000.0
241080,78.07,8000.0
241090,78.07,8000.0
241100,78.07,8000.0
241110,77.98,8000.0
241120,77.98,8000.0
241130,77.98,8000.0
241140,77.98,8000.0
241150,77.98,8000.0
241160,77.98,8000.0
241170,77.98,8000.0
241180,77.98,8000.0
241190,77.98,8000.0
241200,77.98,8000.0
241210,77.98,8000.0
241220,77.98,8000.0
241230,77.98,8000.0
241240,77.98,8000.0
241250,77.98,8000.0
241260,77.98,8000.0
241270,77.98,8000.0
241280,77.98,8000.0
241290,77.98,8000.0
241300,77.98,8000.0
241310,77.98,8000.0
241320,77.98,8000.0
241330,77.98,8000.0
241340,77.98,8000.0
241350,77.98,8000.0
241360,77.98,8000.0
241370,77.98,8000.0
241380,77.98,8000.0
241390,77.98,8000.0
241400,77.98,8000.0
241410,77.98,8000.0
241420,77.98,8000.0
241430,77.98,8000.0
241440,77.98,8000.0
241450,77.98,8000.0
241460,77.98,8000.0
241470,77.98,8000.0
241480,77.98,8000.0
241490,77.98,8000.0
241500,77.98,8000.0
241510,77.98,8000.0
241520,77.91,8000.0
241530,77.91,8000.0
241540,77.91,8000.0
241550,77.91,8000.0
241560,77.91,8000.0
241570,77.91,8000.0
241580,77.91,8000.0
241590,77.91,8000.0
241600,77.91,8000.0
241610,77.91,8000.0
241620,77.91,8000.0
241630,77.91,8000.0
241640,77.91,8000.0
241650,77.91,8000.0
241660,77.91,8000.0
241670,77.91,8000.0
241680,77.91,8000.0
241690,77.91,8000.0
241700,77.91,8000.0
241710,77.91,8000.0
241720,77.91,8000.0
241730,77.91,8000.0
241740,77.91,8000.0
241750,77.91,8000.0
241760,77.91,8000.0
241770,77.91,8000.0
241780,77.91,8000.0
241790,77.91,8000.0
241800,78.24,8000.0
241810,78.24,8000.0
241820,78.24,8000.0
241830,78.24,8000.0
241840,78.24,8000.0
241850,78.24,8000.0
241860,78.24,8000.0
241870,78.24,8000.0
241880,78.24,8000.0
241890,78.24,8000.0
241900,78.24,8000.0
241910,78.24,8000.0
241920,78.24,8000.0
241930,78.24,8000.0
241940,78.24,8000.0
241950,78.24,8000.0
241960,78.24,8000.0
241970,78.24,8000.0
241980,78.24,8000.0
241990,78.24,8000.0
242000,78.24,8000.0
242010,78.24,8000.0
242020,78.24,8000.0
242030,78.24,8000.0
242040,78.24,8000.0
242050,78.33,8165.3
242060,78.33,8165.3
242070,78.33,8165.3
242080,78.33,8165.3
242090,78.33,8165.3
242100,78.33,8165.3
242110,78.33,8165.3
242120,78.33,8165.3
242130,78.33,8165.3
242140,78.33,8165.3
242150,78.33,8165.3
242160,78.33,8165.3
242170,78.33,8165.3
242180,78.33,8165.3
242190,78.33,8165.3
242200,78.33,8165.3
242210,78.33,8165.3
242220,78.33,8165.3
242230,78.33,8165.3
242240,78.33,8165.3
242250,78.33,8165.3
242260,78.33,8165.3
242270,78.33,8241.96
242280,78.33,8241.96
242290,78.33,8241.96
242300,78.33,8241.96
242310,78.33,8241.96
242320,78.33,8241.96
242330,78.33,8241.96
242340,78.33,8241.96
242350,78.33,8241.96
242360,78.33,8241.96
242370,78.33,8241.96
242380,78.33,8241.96
242390,78.33,8241.96
242400,78.33,8241.96
242410,78.33,8241.96
242420,78.33,8241.96
242430,78.33,8241.96
242440,78.33,8241.96
242450,78.33,8241.96
242460,78.33,8241.96
242470,78.33,8241.96
242480,78.33,8241.96
242490,78.33,8241.96
242500,78.33,8241.96
242510,78.33,8241.96
242520,78.15,8241.96
242530,78.15,8241.96
242540,78.15,8241.96
242550,78.15,8241.96
242560,78.15,8241.96
242570,78.15,8241.96
242580,78.15,8241.96
242590,78.15,8241.96
242600,78.15,8241.96
242610,78.15,8241.96
242620,78.15,8241.96
242630,78.15,8241.96
242640,78.15,8241.96
242650,78.15,8241.96
242660,78.15,8241.96
242670,78.15,8241.96
242680,78.15,8241.96
242690,78.15,8241.96
242700,78.15,8241.96
242710,78.15,8229.87
242720,77.91,8229.87
242730,77.91,8229.87
242740,77.91,8229.87
242750,77.91,8229.87
242760,77.91,8229.87
242770,77.91,8229.87
242780,77.91,8229.87
242790,77.91,8229.87
242800,77.91,8229.87
242810,77.91,8229.87
242820,77.91,8229.87
242830,77.91,8229.87
242840,77.91,8229.87
242850,77.91,8229.87
242860,77.91,8229.87
242870,77.91,8229.87
242880,77.91,8229.87
242890,77.91,8229.87
242900,77.91,8229.87
242910,77.91,8229.87
242920,77.91,8229.87
242930,77.91,8229.87
242940,77.91,8229.87
242950,77.91,8229.87
242960,77.91,8229.87
242970,77.91,8229.87
242980,78.08,8229.87
242990,78.08,8229.87
243000,78.08,8229.87
243010,78.08,8229.87
243020,78.08,8229.87
243030,78.08,8229.87
243040,78.08,8229.87
243050,78.08,8229.87
243060,78.08,8229.87
243070,78.08,8229.87
243080,78.08,8229.87
243090,78.08,8229.87
243100,78.08,8229.87
243110,78.08,8229.87
243120,78.08,8229.87
243130,78.08,8229.87
243140,78.08,8229.87
243150,78.08,8229.87
243160,78.08,8229.87
243170,78.08,8229.87
243180,78.08,8144.77
243190,78.08,8144.77
243200,78.08,8144.77
243210,78.08,8144.77
243220,78.08,8144.77
243230,78.08,8144.77
243240,78.08,8144.77
243250,78.08,8144.77
243260,78.08,8144.77
243270,78.08,8144.77
243280,78.08,8144.77
243290,78.19,8144.77
243300,78.19,8144.77
243310,78.19,8144.77
243320,78.19,8144.77
243330,78.19,8144.77
243340,78.19,8144.77
243350,78.19,8144.77
243360,78.19,8144.77
243370,78.19,8144.77
243380,78.19,8144.77
243390,78.19,8144.77
243400,78.19,8144.77
243410,78.19,8144.77
243420,78.19,8144.77
243430,78.19,8144.77
243440,78.19,8144.77
243450,78.19,8144.77
243460,78.19,8144.77
243470,78.19,8144.77
243480,78.19,8144.77
243490,78.19,8144.77
243500,78.19,8205.29
243510,78.19,8205.29
243520,78.19,8205.29
243530,78.19,8205.29
243540,78.19,8205.29
243550,78.19,8205.29
243560,78.6,8205.29
243570,78.6,8205.29
243580,78.6,8205.29
243590,78.6,8205.29
243600,78.6,8205.29
243610,78.6,8205.29
243620,78.6,8205.29
243630,78.6,8205.29
243640,78.6,8205.29
243650,78.6,8205.29
243660,78.6,8205.29
243670,78.6,8205.29
243680,78.6,8205.29
243690,78.6,8205.29
243700,78.6,8205.29
243710,78.6,8205.29
243720,78.6,8205.29
243730,78.6,8205.29
243740,78.6,8205.29
243750,78.6,8205.29
243760,78.6,8205.29
243770,78.6,8205.29
243780,78.6,8205.29
243790,78.6,8205.29
243800,78.6,8371.02
243810,78.6,8371.02
243820,78.6,8371.02
243830,78.6,8371.02
243840,78.6,8371.02
243850,78.6,8371.02
243860,78.6,8371.02
243870,78.6,8371.02
243880,78.6,8371.02
243890,78.6,8371.02
243900,78.6,8371.02
243910,78.6,8371.02
243920,78.6,8371.02
243930,78.6,8371.02
243940,78.6,8371.02
243950,78.6,8371.02
243960,78.6,8371.02
243970,78.6,8371.02
243980,78.6,8371.02
243990,78.6,8371.02
244000,78.6,8371.02
244010,78.6,8371.02
244020,78.6,8371.02
244030,78.6,8371.02
244040,78.24,8371.02
244050,78.24,8371.02
244060,78.24,8371.02
244070,78.24,8371.02
244080,78.24,8371.02
244090,78.24,8371.02
244100,78.24,8371.02
244110,78.24,8371.02
244120,78.24,8371.02
244130,78.24,8371.02
244140,78.24,8371.02
244150,78.24,8371.02
244160,78.24,8371.02
244170,78.24,8371.02
244180,78.24,8371.02
244190,78.24,8371.02
244200,78.24,8371.02
244210,78.24,8371.02
244220,78.24,8371.02
244230,78.24,8371.02
244240,78.24,8371.02
244250,78.24,8428.64
244260,78.24,8428.64
244270,78.24,8428.64
244280,78.24,8428.64
244290,78.69,8428.64
244300,78.69,8428.64
244310,78.69,8428.64
244320,78.69,8428.64
244330,78.69,8428.64
244340,78.69,8428.64
244350,78.69,8428.64
244360,78.69,8428.64
244370,78.69,8428.64
244380,78.69,8428.64
244390,78.69,8428.64
244400,78.69,8428.64
244410,78.69,8428.64
244420,78.69,8428.64
244430,78.69,8428.64
244440,78.69,8428.64
244450,78.69,8428.64
244460,78.69,8428.64
244470,78.69,8428.64
244480,78.69,8428.64
244490,78.69,8428.64
244500,78.69,8428.64
244510,78.69,8428.64
244520,78.69,8428.64
244530,78.69,8428.64
244540,78.69,8428.64
244550,78.69,8428.64
244560,78.69,8428.64
244570,78.69,8428.64
244580,78.69,8428.64
244590,78.69,8428.64
244600,78.69,8428.64
244610,78.69,8428.64
244620,78.69,8428.64
244630,78.64,8428.64
244640,78.64,8428.64
244650,78.64,8428.64
244660,78.64,8428.64
244670,78.64,8428.64
244680,78.64,8428.64
244690,78.64,8336.16
244700,78.64,8336.16
244710,78.64,8336.16
244720,78.64,8336.16
244730,78.64,8336.16
244740,78.64,8336.16
244750,78.64,8336.16
244760,78.64,8336.16
244770,78.64,8336.16
244780,78.64,8336.16
244790,78.64,8336.16
244800,78.64,8336.16
244810,78.64,8336.16
244820,78.64,8336.16
244830,78.64,8336.16
244840,78.64,8336.16
244850,78.64,8336.16
244860,78.64,8336.16
244870,78.64,8336.16
244880,78.64,8336.16
244890,78.64,8336.16
244900,78.64,8336.16
244910,78.64,8336.16
244920,78.64,8336.16
244930,78.64,8336.16
244940,78.64,8336.16
244950,78.64,8336.16
244960,78.64,8336.16
244970,78.64,8336.16
244980,78.64,8336.16
244990,78.64,8336.16
245000,78.97,8336.16
245010,78.97,8336.16
245020,78.97,8336.16
245030,78.97,8336.16
245040,78.97,8336.16
245050,78.97,8336.16
245060,78.97,8336.16
245070,78.97,8336.16
245080,78.97,8336.16
245090,78.97,8336.16
245100,78.97,8490.85
245110,78.97,8490.85
245120,78.97,8490.85
245130,78.97,8490.85
245140,78.97,8490.85
245150,78.97,8490.85
245160,78.97,8490.85
245170,78.97,8490.85
245180,78.97,8490.85
245190,78.97,8490.85
245200,78.97,8490.85
245210,78.97,8490.85
245220,78.97,8490.85
245230,78.97,8490.85
245240,78.97,8490.85
245250,78.97,8490.85
245260,78.97,8490.85
245270,78.97,8490.85
245280,78.57,8490.85
245290,78.57,8490.85
245300,78.57,8490.85
245310,78.57,8490.85
245320,78.57,8490.85
245330,78.57,8490.85
245340,78.57,8490.85
245350,78.57,8490.85
245360,78.57,8490.85
245370,78.57,8490.85
245380,78.57,8490.85
245390,78.57,8490.85
245400,78.57,8490.85
245410,78.57,8490.85
245420,78.57,8490.85
245430,78.57,8490.85
245440,78.57,8490.85
245450,78.57,8490.85
245460,78.57,8490.85
245470,78.57,8490.85
245480,78.57,8490.85
245490,78.57,8376.96
245500,78.57,8376.96
245510,78.57,8376.96
245520,78.57,8376.96
245530,78.57,8376.96
245540,78.57,8376.96
245550,78.57,8376.96
245560,78.57,8376.96
245570,78.57,8376.96
245580,78.57,8376.96
245590,78.57,8376.96
245600,78.57,8376.96
245610,78.57,8376.96
245620,78.57,8376.96
245630,78.57,8376.96
245640,78.57,8376.96
245650,78.57,8376.96
245660,78.57,8376.96
245670,78.57,8376.96
245680,78.57,8376.96
245690,78.56,8376.96
245700,78.56,8376.96
245710,78.56,8376.96
245720,78.56,8376.96
245730,78.56,8397.78
245740,78.56,8397.78
245750,78.56,8397.78
245760,78.56,8397.78
245770,78.56,8397.78
245780,78.56,8397.78
245790,78.56,8397.78
245800,78.56,8397.78
245810,78.56,8397.78
245820,78.56,8397.78
245830,78.56,8397.78
245840,78.56,8397.78
245850,78.56,8397.78
245860,78.56,8397.78
245870,78.56,8397.78
245880,78.56,8397.78
245890,78.56,8397.78
245900,78.56,8397.78
245910,78.56,8397.78
245920,78.56,8397.78
245930,78.56,8464.71
245940,78.56,8464.71
245950,78.56,8464.71
245960,78.56,8464.71
245970,78.56,8464.71
245980,78.56,8464.71
245990,78.56,8464.71
246000,78.56,8464.71
246010,78.56,8464.71
246020,78.56,8464.71
246030,78.56,8464.71
246040,78.56,8464.71
246050,78.56,8464.71
246060,78.56,8464.71
246070,78.56,8464.71
246080,78.56,8464.71
246090,78.56,8464.71
246100,78.8,8464.71
246110,78.8,8464.71
246120,78.8,8464.71
246130,78.8,8464.71
246140,78.8,8464.71
246150,78.8,8464.71
246160,78.8,8464.71
246170,78.8,8464.71
246180,78.8,8464.71
246190,78.8,8464.71
246200,78.8,8464.71
246210,78.8,8464.71
246220,78.8,8464.71
246230,78.8,8464.71
246240,78.8,8464.71
246250,78.8,8464.71
246260,78.8,8464.71
246270,78.8,8464.71
246280,78.8,8464.71
246290,78.8,8464.71
246300,78.8,8464.71
246310,78.8,8464.71
246320,78.8,8464.71
246330,78.8,8464.71
246340,78.8,8464.71
246350,78.8,8464.71
246360,78.8,8464.71
246370,78.8,8464.71
246380,78.8,8464.71
246390,78.8,8464.71
246400,78.8,8428.62
246410,78.8,8428.62
246420,78.8,8428.62
246430,78.8,8428.62
246440,78.8,8428.62
246450,78.8,8428.62
246460,78.8,8428.62
246470,78.8,8428.62
246480,78.8,8428.62
246490,78.8,8428.62
246500,78.8,8428.62
246510,78.8,8428.62
246520,78.8,8428.62
246530,78.86,8428.62
246540,78.86,8428.62
246550,78.86,8428.62
246560,78.86,8428.62
246570,78.86,8428.62
246580,78.86,8428.62
246590,78.86,8428.62
246600,78.86,8428.62
246610,78.86,8428.62
246620,78.86,8428.62
246630,78.86,8428.62
246640,78.86,8428.62
246650,78.86,8428.62
246660,78.86,8428.62
246670,78.86,8428.62
246680,78.86,8428.62
246690,78.86,8428.62
246700,78.86,8428.62
246710,78.86,8428.62
246720,78.86,8428.62
246730,78.86,8428.62
246740,78.86,8428.62
246750,78.86,8370.36
246760,78.86,8370.36
246770,78.86,8370.36
246780,78.86,8370.36
246790,78.86,8370.36
246800,78.86,8370.36
246810,78.86,8370.36
246820,78.86,8370.36
246830,78.86,8370.36
246840,78.86,8370.36
246850,78.86,8370.36
246860,78.86,8370.36
246870,78.86,8370.36
246880,78.86,8370.36
246890,78.86,8370.36
246900,78.68,8370.36
246910,78.68,8370.36
246920,78.68,8370.36
246930,78.68,8370.36
246940,78.68,8370.36
246950,78.68,8370.36
246960,78.68,8370.36
246970,78.68,8370.36
246980,78.68,8370.36
246990,78.68,8370.36
247000,78.68,8370.36
247010,78.68,8370.36
247020,78.68,8370.36
247030,78.68,8370.36
247040,78.68,8370.36
247050,78.68,8370.36
247060,78.68,8370.36
247070,78.68,8370.36
247080,78.68,8279.41
247090,78.68,8279.41
247100,78.68,8279.41
247110,78.68,8279.41
247120,78.68,8279.41
247130,78.68,8279.41
247140,78.68,8279.41
247150,78.68,8279.41
247160,78.68,8279.41
247170,78.68,8279.41
247180,78.68,8279.41
247190,78.68,8279.41
247200,78.68,8279.41
247210,78.17,8279.41
247220,78.17,8279.41
247230,78.17,8279.41
247240,78.17,8279.41
247250,78.17,8279.41
247260,78.17,8279.41
247270,78.17,8279.41
247280,78.17,8279.41
247290,78.17,8279.41
247300,78.17,8279.41
247310,78.17,8279.41
247320,78.17,8279.41
247330,78.17,8279.41
247340,78.17,8279.41
247350,78.17,8279.41
247360,78.17,8279.41
247370,78.17,8279.41
247380,78.17,8279.41
247390,78.17,8279.41
247400,78.17,8279.41
247410,78.17,8279.41
247420,78.17,8279.41
247430,78.17,8279.41
247440,78.17,8279.41
247450,78.17,8279.41
247460,78.17,8327.19
247470,78.17,8327.19
247480,78.17,8327.19
247490,78.17,8327.19
247500,78.17,8327.19
247510,78.17,8327.19
247520,78.17,8327.19
247530,78.17,8327.19
247540,78.17,8327.19
247550,78.17,8327.19
247560,78.17,8327.19
247570,78.17,8327.19
247580,78.17,8327.19
247590,78.17,8327.19
247600,78.17,8327.19
247610,78.17,8327.19
247620,78.17,8327.19
247630,78.17,8327.19
247640,78.17,8327.19
247650,78.17,8327.19
247660,77.91,8327.19
247670,77.91,8385.47
247680,77.91,8385.47
247690,77.91,8385.47
247700,77.91,8385.47
247710,77.91,8385.47
247720,77.91,8385.47
247730,77.91,8385.47
247740,77.91,8385.47
247750,77.91,8385.47
247760,77.91,8385.47
247770,77.91,8385.47
247780,77.91,8385.47
247790,77.91,8385.47
247800,77.91,8385.47
247810,77.91,8385.47
247820,77.91,8385.47
247830,77.91,8385.47
247840,77.91,8385.47
247850,77.91,8385.47
247860,77.91,8385.47
247870,77.91,8385.47
247880,77.91,8385.47
247890,77.91,8385.47
247900,77.91,8385.47
247910,77.91,8385.47
247920,77.91,8385.47
247930,77.91,8385.47
247940,77.91,8385.47
247950,77.91,8385.47
247960,77.91,8385.47
247970,77.91,8385.47
247980,77.91,8385.47
247990,77.91,8385.47
248000,77.91,8385.47
248010,77.91,8385.47
248020,77.91,8385.47
248030,77.91,8385.47
248040,77.91,8385.47
248050,77.91,8230.56
248060,77.91,8230.56
248070,77.91,8230.56
248080,77.91,8230.56
248090,77.91,8230.56
248100,77.91,8230.56
248110,77.91,8230.56
248120,77.91,8230.56
248130,78.27,8230.56
248140,78.27,8230.56
248150,78.27,8230.56
248160,78.27,8230.56
248170,78.27,8230.56
248180,78.27,8230.56
248190,78.27,8230.56
248200,78.27,8230.56
248210,78.27,8230.56
248220,78.27,8230.56
248230,78.27,8230.56
248240,78.27,8230.56
248250,78.27,8230.56
248260,78.27,8230.56
248270,78.27,8230.56
248280,78.27,8230.56
248290,78.27,8230.56
248300,78.27,8230.56
248310,78.27,8230.56
248320,78.27,8230.56
248330,78.27,8230.56
248340,78.27,8230.56
248350,78.27,8230.56
248360,78.27,8230.56
248370,78.27,8230.56
248380,78.27,8230.56
248390,78.27,8230.56
248400,78.27,8230.56
248410,78.27,8230.56
248420,78.27,8230.56
248430,78.27,8230.56
248440,78.27,8230.56
248450,78.27,8230.56
248460,78.27,8230.56
248470,78.27,8230.56
248480,78.27,8230.56
248490,78.27,8230.56
248500,78.27,8230.56
248510,78.27,8230.56
248520,78.27,8230.56
248530,78.27,8230.56
248540,78.27,8135.21
248550,78.27,8135.21
248560,78.66,8135.21
248570,78.66,8135.21
248580,78.66,8135.21
248590,78.66,8135.21
248600,78.66,8135.21
248610,78.66,8135.21
248620,78.66,8135.21
248630,78.66,8135.21
248640,78.66,8135.21
248650,78.66,8135.21
248660,78.66,8135.21
248670,78.66,8135.21
248680,78.66,8135.21
248690,78.66,8135.21
248700,78.66,8135.21
248710,78.66,8135.21
248720,78.66,8135.21
248730,78.66,8135.21
248740,78.66,8135.21
248750,78.66,8135.21
248760,78.66,8135.21
248770,78.66,8135.21
248780,78.66,8135.21
248790,78.66,8135.21
248800,78.66,8135.21
248810,78.66,8135.21
248820,78.66,8135.21
248830,78.66,8135.21
248840,78.66,8135.21
248850,78.66,8135.21
248860,78.18,8135.21
248870,78.18,8135.21
248880,78.18,8135.21
248890,78.18,8135.21
248900,78.18,8135.21
248910,78.18,8135.21
248920,78.18,8135.21
248930,78.18,8135.21
248940,78.18,8135.21
248950,78.18,8135.21
248960,78.18,8135.21
248970,78.18,8135.21
248980,78.18,8279.68
248990,78.18,8279.68
249000,78.18,8279.68
249010,78.18,8279.68
249020,78.18,8279.68
249030,78.18,8279.68
249040,78.18,8279.68
249050,78.18,8279.68
249060,78.18,8279.68
249070,78.18,8279.68
249080,78.18,8279.68
249090,78.18,8279.68
249100,78.18,8279.68
249110,78.18,8279.68
249120,78.18,8279.68
249130,78.18,8279.68
249140,78.18,8279.68
249150,78.18,8279.68
249160,78.18,8279.68
249170,78.18,8279.68
249180,78.18,8279.68
249190,77.91,8279.68
249200,77.91,8279.68
249210,77.91,8279.68
249220,77.91,8279.68
249230,77.91,8279.68
249240,77.91,8279.68
249250,77.91,8279.68
249260,77.91,8279.68
249270,77.91,8279.68
249280,77.91,8279.68
249290,77.91,8279.68
249300,77.91,8279.68
249310,77.91,8279.68
249320,77.91,8279.68
249330,77.91,8279.68
249340,77.91,8279.68
249350,77.91,8279.68
249360,77.91,8279.68
249370,77.91,8279.68
249380,77.91,8279.68
249390,77.91,8279.68
249400,77.91,8279.68
249410,77.91,8279.68
249420,77.91,8279.68
249430,77.91,8279.68
249440,77.91,8279.68
249450,77.91,8279.68
249460,77.91,8279.68
249470,77.91,8285.62
249480,77.91,8285.62
249490,77.91,8285.62
249500,77.91,8285.62
249510,77.91,8285.62
249520,77.91,8285.62
249530,77.91,8285.62
249540,77.91,8285.62
249550,77.91,8285.62
249560,77.91,8285.62
249570,77.91,8285.62
249580,77.91,8285.62
249590,77.91,8285.62
249600,77.91,8285.62
249610,77.91,8285.62
249620,77.91,8285.62
249630,78.14,8285.62
249640,78.14,8285.62
249650,78.14,8285.62
249660,78.14,8285.62
249670,78.14,8285.62
249680,78.14,8285.62
249690,78.14,8285.62
249700,78.14,8285.62
249710,78.14,8285.62
249720,78.14,8285.62
249730,78.14,8285.62
249740,78.14,8285.62
249750,78.14,8285.62
249760,78.14,8210.38
249770,78.14,8210.38
249780,78.14,8210.38
249790,78.14,8210.38
249800,78.14,8210.38
249810,78.14,8210.38
249820,78.14,8210.38
249830,78.14,8210.38
249840,78.14,8210.38
249850,78.14,8210.38
249860,78.14,8210.38
249870,78.14,8210.38
249880,78.14,8210.38
249890,78.14,8210.38
249900,77.91,8210.38
249910,77.91,8210.38
249920,77.91,8210.38
249930,77.91,8210.38
249940,77.91,8210.38
249950,77.91,8210.38
249960,77.91,8210.38
249970,77.91,8210.38
249980,77.91,8210.38
249990,77.91,8210.38
250000,77.91,8210.38
250010,77.91,8210.38
250020,77.91,8210.38
250030,77.91,8210.38
250040,77.91,8210.38
250050,77.91,8210.38
250060,77.91,8210.38
250070,77.91,8210.38
250080,77.91,8210.38
250090,77.91,8210.38
250100,77.91,8210.38
250110,77.91,8210.38
250120,77.91,8210.38
250130,77.91,8210.38
250140,77.91,8210.38
250150,77.91,8210.38
250160,77.91,8210.38
250170,77.91,8070.05
250180,77.91,8070.05
250190,77.91,8070.05
250200,77.91,8070.05
250210,77.91,8070.05
250220,77.91,8070.05
250230,77.91,8070.05
250240,77.91,8070.05
250250,77.91,8070.05
250260,77.91,8070.05
250270,77.91,8070.05
250280,77.91,8070.05
250290,77.91,8070.05
250300,77.91,8070.05
250310,77.91,8070.05
250320,77.91,8070.05
250330,77.91,8070.05
250340,77.91,8070.05
250350,77.91,8070.05
250360,77.91,8070.05
250370,77.91,8070.05
250380,77.91,8070.05
250390,77.91,8036.6
250400,77.91,8036.6
250410,77.91,8036.6
250420,77.91,8036.6
250430,77.91,8036.6
250440,77.91,8036.6
250450,77.91,8036.6
250460,77.91,8036.6
250470,77.91,8036.6
250480,77.91,8036.6
250490,77.91,8036.6
250500,77.91,8036.6
250510,77.91,8036.6
250520,77.91,8036.6
250530,77.91,8036.6
250540,77.91,8036.6
250550,77.91,8036.6
250560,77.91,8036.6
250570,77.91,8036.6
250580,77.91,8036.6
250590,77.91,8036.6
250600,77.91,8036.6
250610,78.32,8036.6
250620,78.32,8036.6
250630,78.32,8036.6
250640,78.32,8036.6
250650,78.32,8036.6
250660,78.32,8036.6
250670,78.32,8036.6
250680,78.32,8036.6
250690,78.32,8036.6
250700,78.32,8036.6
250710,78.32,8036.6
250720,78.32,8036.6
250730,78.32,8036.6
250740,78.32,8036.6
250750,78.32,8036.6
250760,78.32,8036.6
250770,78.32,8036.6
250780,78.32,8036.6
250790,78.32,8036.6
250800,78.32,8036.6
250810,78.32,8036.6
250820,78.32,8016.09
250830,78.32,8016.09
250840,78.32,8016.09
250850,78.32,8016.09
250860,78.32,8016.09
250870,78.32,8016.09
250880,78.32,8016.09
250890,78.32,8016.09
250900,78.32,8016.09
250910,78.32,8016.09
250920,78.32,8016.09
250930,78.32,8016.09
250940,78.32,8016.09
250950,78.32,8016.09
250960,78.32,8016.09
250970,78.6,8016.09
250980,78.6,8016.09
250990,78.6,8016.09
251000,78.6,8016.09
251010,78.6,8016.09
251020,78.6,8016.09
251030,78.6,8016.09
251040,78.6,8016.09
251050,78.6,8016.09
251060,78.6,8016.09
251070,78.6,8016.09
251080,78.6,8016.09
251090,78.6,8016.09
251100,78.6,8016.09
251110,78.6,8016.09
251120,78.6,8016.09
251130,78.6,8016.09
251140,78.6,8016.09
251150,78.6,8016.09
251160,78.6,8016.09
251170,78.6,8016.09
251180,78.6,8016.09
251190,78.6,8016.09
251200,78.6,8016.09
251210,78.6,8096.39
251220,78.6,8096.39
251230,78.6,8096.39
251240,78.6,8096.39
251250,78.6,8096.39
251260,78.6,8096.39
251270,78.6,8096.39
251280,78.6,8096.39
251290,78.6,8096.39
251300,78.6,8096.39
251310,78.6,8096.39
251320,78.6,8096.39
251330,78.6,8096.39
251340,78.6,8096.39
251350,78.6,8096.39
251360,78.6,8096.39
251370,78.6,8096.39
251380,78.6,8096.39
251390,78.6,8096.39
251400,78.6,8096.39
251410,78.6,8096.39
251420,78.6,8096.39
251430,78.6,8096.39
251440,78.17,8025.73
251450,78.17,8025.73
251460,78.17,8025.73
251470,78.17,8025.73
251480,78.17,8025.73
251490,78.17,8025.73
251500,78.17,8025.73
251510,78.17,8025.73
251520,78.17,8025.73
251530,78.17,8025.73
251540,78.17,8025.73
251550,78.17,8025.73
251560,78.17,8025.73
251570,78.17,8025.73
251580,78.17,8025.73
251590,78.17,8025.73
251600,78.17,8025.73
251610,78.17,8025.73
251620,78.17,8025.73
251630,78.17,8025.73
251640,78.17,8025.73
251650,78.17,8025.73
251660,78.17,8025.73
251670,78.17,8025.73
251680,78.17,8025.73
251690,78.17,8025.73
251700,78.17,8025.73
251710,78.17,8025.73
251720,78.17,8025.73
251730,78.17,8025.73
251740,78.27,8025.73
251750,78.27,8025.73
251760,78.27,8025.73
251770,78.27,8025.73
251780,78.27,8025.73
251790,78.27,8025.73
251800,78.27,8025.73
251810,78.27,8025.73
251820,78.27,8025.73
251830,78.27,8025.73
251840,78.27,8025.73
251850,78.27,8025.73
251860,78.27,8025.73
251870,78.27,8025.73
251880,78.27,8025.73
251890,78.27,8025.73
251900,78.27,8140.63
251910,78.27,8140.63
251920,78.27,8140.63
251930,78.27,8140.63
251940,78.27,8140.63
251950,78.27,8140.63
251960,78.27,8140.63
251970,78.27,8140.63
251980,78.27,8140.63
251990,78.27,8140.63
252000,78.27,8140.63
252010,78.27,8140.63
252020,78.27,8140.63
252030,78.27,8140.63
252040,78.68,8140.63
252050,78.68,8140.63
252060,78.68,8140.63
252070,78.68,8140.63
252080,78.68,8140.63
252090,78.68,8140.63
252100,78.68,8140.63
252110,78.68,8140.63
252120,78.68,8140.63
252130,78.68,8140.63
252140,78.68,8140.63
252150,78.68,8140.63
252160,78.68,8140.63
252170,78.68,8140.63
252180,78.68,8140.63
252190,78.68,8140.63
252200,78.68,8140.63
252210,78.68,8140.63
252220,78.68,8140.63
252230,78.68,8140.63
252240,78.68,8140.63
252250,78.68,8140.63
252260,78.68,8140.63
252270,78.68,8140.63
252280,78.68,8140.63
252290,78.68,8140.63
252300,78.68,8140.63
252310,78.68,8083.04
252320,78.68,8083.04
252330,78.68,8083.04
252340,78.68,8083.04
252350,78.68,8083.04
252360,78.96,8083.04
252370,78.96,8083.04
252380,78.96,8083.04
252390,78.96,8083.04
252400,78.96,8083.04
252410,78.96,8083.04
252420,78.96,8083.04
252430,78.96,8083.04
252440,78.96,8083.04
252450,78.96,8083.04
252460,78.96,8083.04
252470,78.96,8083.04
252480,78.96,8083.04
252490,78.96,8083.04
252500,78.96,8083.04
252510,78.96,8083.04
252520,78.96,8083.04
252530,78.96,8083.04
252540,78.96,8083.04
252550,78.96,8083.04
252560,78.96,8083.04
252570,78.96,8083.04
252580,78.96,8083.04
252590,78.96,8083.04
252600,78.96,8083.04
252610,78.96,8083.04
252620,78.96,8083.04
252630,78.96,8083.04
252640,78.96,8083.04
252650,78.96,8083.04
252660,78.96,8083.04
252670,78.96,8083.04
252680,78.96,8083.04
252690,78.96,8083.04
252700,78.96,8083.04
252710,79.3,8083.04
252720,79.3,8083.04
252730,79.3,8083.04
252740,79.3,8083.04
252750,79.3,8083.04
252760,79.3,8083.04
252770,79.3,8083.04
252780,79.3,8013.63
252790,79.3,8013.63
252800,79.3,8013.63
252810,79.3,8013.63
252820,79.3,8013.63
252830,79.3,8013.63
252840,79.3,8013.63
252850,79.3,8013.63
252860,79.3,8013.63
252870,79.3,8013.63
252880,79.3,8013.63
252890,79.3,8013.63
252900,79.3,8013.63
252910,79.3,8013.63
252920,79.3,8013.63
252930,79.3,8013.63
252940,79.3,8013.63
252950,79.3,8013.63
252960,79.3,8013.63
252970,79.3,8013.63
252980,79.3,8013.63
252990,79.3,8013.63
253000,79.3,8013.63
253010,79.3,8013.63
253020,78.88,8013.63
253030,78.88,8013.63
253040,78.88,8013.63
253050,78.88,8013.63
253060,78.88,8013.63
253070,78.88,8013.63
253080,78.88,8013.63
253090,78.88,8013.63
253100,78.88,8013.63
253110,78.88,8013.63
253120,78.88,8013.63
253130,78.88,8013.63
253140,78.88,8013.63
253150,78.88,8013.63
253160,78.88,8013.63
253170,78.88,8013.63
253180,78.88,8013.63
253190,78.88,8013.63
253200,78.88,8013.63
253210,78.88,8013.63
253220,78.88,8013.63
253230,78.88,8000.0
253240,78.88,8000.0
253250,78.88,8000.0
253260,78.88,8000.0
253270,78.88,8000.0
253280,78.88,8000.0
253290,78.88,8000.0
253300,78.88,8000.0
253310,78.88,8000.0
253320,78.88,8000.0
253330,78.88,8000.0
253340,78.88,8000.0
253350,78.88,8000.0
253360,78.88,8000.0
253370,78.88,8000.0
253380,78.88,8000.0
253390,78.88,8000.0
253400,78.88,8000.0
253410,78.95,8000.0
253420,78.95,8000.0
253430,78.95,8000.0
253440,78.95,8000.0
253450,78.95,8000.0
253460,78.95,8000.0
253470,78.95,8000.0
253480,78.95,8000.0
253490,78.95,8000.0
253500,78.95,8000.0
253510,78.95,8000.0
253520,78.95,8000.0
253530,78.95,8000.0
253540,78.95,8000.0
253550,78.95,8000.0
253560,78.95,8000.0
253570,78.95,8000.0
253580,78.95,8000.0
253590,78.95,8000.0
253600,78.95,8000.0
253610,78.95,8000.0
253620,78.95,8000.0
253630,78.95,8000.0
253640,78.95,8000.0
253650,78.95,8000.0
253660,78.95,8000.0
253670,78.95,8000.0
253680,78.95,8000.0
253690,78.95,8000.0
253700,78.62,8000.0
253710,78.62,8000.0
253720,78.62,8000.0
253730,78.62,8000.0
253740,78.62,8000.0
253750,78.62,8000.0
253760,78.62,8000.0
253770,78.62,8000.0
253780,78.62,8000.0
253790,78.62,8000.0
253800,78.62,8000.0
253810,78.62,8000.0
253820,78.62,8000.0
253830,78.62,8000.0
253840,78.62,8000.0
253850,78.62,8000.0
253860,78.62,8000.0
253870,78.62,8000.0
253880,78.62,8154.68
253890,78.62,8154.68
253900,78.62,8154.68
253910,78.62,8154.68
253920,78.62,8154.68
253930,78.62,8154.68
253940,78.62,8154.68
253950,78.62,8154.68
253960,78.62,8154.68
253970,78.62,8154.68
253980,78.62,8154.68
253990,78.62,8154.68
254000,78.62,8154.68
254010,78.62,8154.68
254020,78.62,8154.68
254030,78.62,8154.68
254040,78.62,8154.68
254050,78.62,8154.68
254060,78.62,8154.68
254070,78.62,8154.68
254080,78.62,8154.68
254090,78.62,8154.68
254100,78.62,8154.68
254110,78.62,8154.68
254120,78.62,8125.89
254130,78.62,8125.89
254140,78.62,8125.89
254150,78.62,8125.89
254160,78.62,8125.89
254170,78.62,8125.89
254180,78.28,8125.89
254190,78.28,8125.89
254200,78.28,8125.89
254210,78.28,8125.89
254220,78.28,8125.89
254230,78.28,8125.89
254240,78.28,8125.89
254250,78.28,8125.89
254260,78.28,8125.89
254270,78.28,8125.89
254280,78.28,8125.89
254290,78.28,8125.89
254300,78.28,8125.89
254310,78.28,8125.89
254320,78.28,8125.89
254330,78.28,8125.89
254340,78.28,8125.89
254350,78.28,8125.89
254360,78.28,8125.89
254370,78.28,8125.89
254380,78.28,8125.89
254390,78.28,8125.89
254400,78.28,8125.89
254410,78.28,8125.89
254420,78.28,8125.89
254430,78.28,8125.89
254440,78.28,8125.89
254450,78.28,8125.89
254460,78.28,8125.89
254470,78.28,8125.89
254480,78.28,8125.89
254490,78.28,8125.89
254500,78.28,8125.89
254510,78.28,8125.89
254520,78.28,8125.89
254530,78.28,8125.89
254540,78.28,8132.85
254550,78.28,8132.85
254560,78.28,8132.85
254570,78.28,8132.85
254580,78.28,8132.85
254590,78.6,8132.85
254600,78.6,8132.85
254610,78.6,8132.85
254620,78.6,8132.85
254630,78.6,8132.85
254640,78.6,8132.85
254650,78.6,8132.85
254660,78.6,8132.85
254670,78.6,8132.85
254680,78.6,8132.85
254690,78.6,8132.85
254700,78.6,8132.85
254710,78.6,8132.85
254720,78.6,8132.85
254730,78.6,8132.85
254740,78.6,8132.85
254750,78.6,8132.85
254760,78.6,8132.85
254770,78.6,8132.85
254780,78.6,8132.85
254790,78.6,8132.85
254800,78.6,8132.85
254810,78.6,8132.85
254820,78.6,8132.85
254830,78.6,8132.85
254840,78.6,8132.85
254850,78.6,8132.85
254860,78.6,8132.85
254870,78.6,8132.85
254880,78.6,8132.85
254890,78.6,8132.85
254900,78.6,8132.85
254910,78.6,8132.85
254920,78.6,8132.85
254930,78.6,8132.85
254940,78.6,8000.0
254950,78.6,8000.0
254960,78.6,8000.0
254970,78.6,8000.0
254980,78.6,8000.0
254990,78.6,8000.0
255000,78.6,8000.0
255010,78.6,8000.0
255020,78.6,8000.0
255030,78.6,8000.0
255040,78.97,8000.0
255050,78.97,8000.0
255060,78.97,8000.0
255070,78.97,8000.0
255080,78.97,8000.0
255090,78.97,8000.0
255100,78.97,8000.0
255110,78.97,8000.0
255120,78.97,8000.0
255130,78.97,8000.0
255140,78.97,8000.0
255150,78.97,8000.0
255160,78.97,8000.0
255170,78.97,8000.0
255180,78.97,8000.0
255190,78.97,8000.0
255200,78.97,8000.0
255210,78.97,8000.0
255220,78.97,8000.0
255230,78.97,8000.0
255240,78.97,8000.0
255250,78.51,8000.0
255260,78.51,8000.0
255270,78.51,8000.0
255280,78.51,8000.0
255290,78.51,8000.0
255300,78.51,8000.0
255310,78.51,8000.0
255320,78.51,8000.0
255330,78.51,8000.0
255340,78.51,8000.0
255350,78.51,8000.0
255360,78.51,8000.0
255370,78.51,8000.0
255380,78.51,8000.0
255390,78.51,8000.0
255400,78.51,8000.0
255410,78.51,8000.0
255420,78.51,8000.0
255430,78.51,8000.0
255440,78.51,8000.0
255450,78.51,8000.0
255460,78.51,8000.0
255470,78.51,8000.0
255480,78.51,8000.0
255490,78.51,8000.0
255500,78.51,8000.0
255510,78.51,8000.0
255520,78.51,8000.0
255530,78.51,8000.0
255540,78.51,8000.0
255550,78.51,8000.0
255560,78.51,8000.0
255570,78.51,8000.0
255580,78.51,8000.0
255590,78.51,8000.0
255600,78.51,8000.0
255610,78.51,8000.0
255620,78.51,8000.0
255630,78.51,8000.0
255640,78.11,8000.0
255650,78.11,8000.0
255660,78.11,8000.0
255670,78.11,8000.0
255680,78.11,8000.0
255690,78.11,8000.0
255700,78.11,8000.0
255710,78.11,8000.0
255720,78.11,8000.0
255730,78.11,8000.0
255740,78.11,8004.66
255750,78.11,8004.66
255760,78.11,8004.66
255770,78.11,8004.66
255780,78.11,8004.66
255790,78.11,8004.66
255800,78.11,8004.66
255810,78.11,8004.66
255820,78.11,8004.66
255830,78.11,8004.66
255840,78.11,8004.66
255850,78.11,8004.66
255860,78.37,8004.66
255870,78.37,8004.66
255880,78.37,8004.66
255890,78.37,8004.66
255900,78.37,8004.66
255910,78.37,8004.66
255920,78.37,8004.66
255930,78.37,8004.66
255940,78.37,8004.66
255950,78.37,8004.66
255960,78.37,8004.66
255970,78.37,8004.66
255980,78.37,8004.66
255990,78.37,8004.66
256000,78.37,8004.66
256010,78.37,8004.66
256020,78.37,8004.66
256030,78.37,8004.66
256040,78.37,8004.66
256050,78.37,8004.66
256060,78.37,8004.66
256070,78.37,8004.66
256080,78.37,8004.66
256090,78.37,8004.66
256100,78.37,8004.66
256110,78.37,8004.66
256120,78.37,8004.66
256130,78.37,8004.66
256140,78.37,8004.66
256150,78.37,8000.0
256160,78.37,8000.0
256170,78.37,8000.0
256180,78.37,8000.0
256190,78.37,8000.0
256200,78.37,8000.0
256210,78.37,8000.0
256220,78.37,8000.0
256230,78.37,8000.0
256240,78.37,8000.0
256250,78.37,8000.0
256260,78.37,8000.0
256270,77.91,8000.0
256280,77.91,8000.0
256290,77.91,8000.0
256300,77.91,8000.0
256310,77.91,8000.0
256320,77.91,8000.0
256330,77.91,8000.0
256340,77.91,8000.0
256350,77.91,8000.0
256360,77.91,8000.0
256370,77.91,8000.0
256380,77.91,8000.0
256390,77.91,8000.0
256400,77.91,8000.0
256410,77.91,8000.0
256420,77.91,8000.0
256430,77.91,8000.0
256440,77.91,8000.0
256450,77.91,8000.0
256460,77.91,8000.0
256470,77.91,8000.0
256480,77.91,8077.2
256490,77.91,8077.2
256500,77.91,8077.2
256510,77.91,8077.2
256520,77.91,8077.2
256530,77.91,8077.2
256540,77.91,8077.2
256550,77.91,8077.2
256560,77.91,8077.2
256570,77.91,8077.2
256580,77.91,8077.2
256590,77.91,8077.2
256600,77.91,8077.2
256610,77.91,8077.2
256620,77.91,8077.2
256630,77.91,8077.2
256640,77.91,8077.2
256650,77.91,8077.2
256660,77.91,8077.2
256670,77.91,8077.2
256680,77.91,8077.2
256690,77.91,8077.2
256700,77.91,8077.2
256710,77.91,8077.2
256720,77.91,8077.2
256730,77.91,8077.2
256740,77.96,8077.2
256750,77.96,8077.2
256760,77.96,8077.2
256770,77.96,8077.2
256780,77.96,8077.2
256790,77.96,8077.2
256800,77.96,8077.2
256810,77.96,8077.2
256820,77.96,8077.2
256830,77.96,8077.2
256840,77.96,8077.2
256850,77.96,8077.2
256860,77.96,8077.2
256870,77.96,8077.2
256880,77.96,8086.42
256890,77.96,8086.42
256900,77.96,8086.42
256910,77.96,8086.42
256920,77.96,8086.42
256930,77.96,8086.42
256940,78.37,8086.42
256950,78.37,8086.42
256960,78.37,8086.42
256970,78.37,8086.42
256980,78.37,8086.42
256990,78.37,8086.42
257000,78.37,8086.42
257010,78.37,8086.42
257020,78.37,8086.42
257030,78.37,8086.42
257040,78.37,8086.42
257050,78.37,8086.42
257060,78.37,8086.42
257070,78.37,8086.42
257080,78.37,8086.42
257090,78.37,8086.42
257100,78.37,8086.42
257110,78.37,8086.42
257120,78.37,8086.42
257130,78.37,8086.42
257140,78.37,8086.42
257150,78.37,8086.42
257160,78.37,8086.42
257170,78.37,8086.42
257180,78.37,8086.42
257190,78.37,8086.42
257200,78.37,8086.42
257210,78.37,8086.42
257220,78.37,8086.42
257230,78.37,8166.45
257240,78.37,8166.45
257250,78.37,8166.45
257260,78.37,8166.45
257270,78.37,8166.45
257280,78.37,8166.45
257290,78.37,8166.45
257300,78.37,8166.45
257310,78.37,8166.45
257320,78.37,8166.45
257330,78.37,8166.45
257340,78.37,8166.45
257350,78.37,8166.45
257360,78.37,8166.45
257370,78.37,8166.45
257380,78.37,8166.45
257390,78.37,8166.45
257400,78.37,8166.45
257410,78.37,8166.45
257420,78.37,8166.45
257430,78.59,8166.45
257440,78.59,8166.45
257450,78.59,8166.45
257460,78.59,8166.45
257470,78.59,8166.45
257480,78.59,8166.45
257490,78.59,8166.45
257500,78.59,8166.45
257510,78.59,8166.45
257520,78.59,8166.45
257530,78.59,8166.45
257540,78.59,8159.95
257550,78.59,8159.95
257560,78.59,8159.95
257570,78.59,8159.95
257580,78.59,8159.95
257590,78.59,8159.95
257600,78.59,8159.95
257610,78.59,8159.95
257620,78.59,8159.95
257630,78.59,8159.95
257640,78.59,8159.95
257650,78.59,8159.95
257660,78.59,8159.95
257670,78.59,8159.95
257680,78.59,8159.95
257690,78.8,8159.95
257700,78.8,8159.95
257710,78.8,8159.95
257720,78.8,8159.95
257730,78.8,8159.95
257740,78.8,8159.95
257750,78.8,8159.95
257760,78.8,8159.95
257770,78.8,8159.95
257780,78.8,8159.95
257790,78.8,8159.95
257800,78.8,8159.95
257810,78.8,8159.95
257820,78.8,8159.95
257830,78.8,8159.95
257840,78.8,8159.95
257850,78.8,8159.95
257860,78.8,8159.95
257870,78.8,8159.95
257880,78.8,8159.95
257890,78.8,8159.95
257900,78.8,8159.95
257910,78.8,8159.95
257920,78.8,8159.95
257930,78.8,8159.95
257940,78.8,8159.95
257950,78.8,8159.95
257960,78.8,8172.64
257970,78.8,8172.64
257980,78.8,8172.64
257990,78.8,8172.64
258000,78.8,8172.64
258010,78.8,8172.64
258020,78.8,8172.64
258030,78.8,8172.64
258040,78.8,8172.64
258050,78.8,8172.64
258060,78.8,8172.64
258070,78.8,8172.64
258080,78.72,8172.64
258090,78.72,8172.64
258100,78.72,8172.64
258110,78.72,8172.64
258120,78.72,8172.64
258130,78.72,8172.64
258140,78.72,8172.64
258150,78.72,8172.64
258160,78.72,8172.64
258170,78.72,8172.64
258180,78.72,8172.64
258190,78.72,8172.64
258200,78.72,8172.64
258210,78.72,8172.64
258220,78.72,8172.64
258230,78.72,8172.64
258240,78.72,8172.64
258250,78.72,8172.64
258260,78.72,8172.64
258270,78.72,8172.64
258280,78.72,8172.64
258290,78.72,8172.64
258300,78.72,8172.64
258310,78.72,8172.64
258320,78.72,8172.64
258330,78.72,8172.64
258340,78.76,8172.64
258350,78.76,8326.06
258360,78.76,8326.06
258370,78.76,8326.06
258380,78.76,8326.06
258390,78.76,8326.06
258400,78.76,8326.06
258410,78.76,8326.06
258420,78.76,8326.06
258430,78.76,8326.06
258440,78.76,8326.06
258450,78.76,8326.06
258460,78.76,8326.06
258470,78.76,8326.06
258480,78.76,8326.06
258490,78.76,8326.06
258500,78.76,8326.06
258510,78.76,8326.06
258520,78.76,8326.06
258530,78.76,8326.06
258540,78.76,8326.06
258550,78.76,8326.06
258560,78.76,8326.06
258570,78.76,8326.06
258580,78.96,8326.06
258590,78.96,8326.06
258600,78.96,8326.06
258610,78.96,8326.06
258620,78.96,8326.06
258630,78.96,8326.06
258640,78.96,8326.06
258650,78.96,8326.06
258660,78.96,8326.06
258670,78.96,8326.06
258680,78.96,8326.06
258690,78.96,8326.06
258700,78.96,8419.67
258710,78.96,8419.67
258720,78.96,8419.67
258730,78.96,8419.67
258740,78.96,8419.67
258750,78.96,8419.67
258760,78.96,8419.67
258770,78.96,8419.67
258780,78.96,8419.67
258790,78.96,8419.67
258800,78.96,8419.67
258810,78.96,8419.67
258820,78.96,8419.67
258830,78.96,8419.67
258840,79.48,8419.67
258850,79.48,8419.67
258860,79.48,8419.67
258870,79.48,8419.67
258880,79.48,8419.67
258890,79.48,8419.67
258900,79.48,8419.67
258910,79.48,8419.67
258920,79.48,8419.67
258930,79.48,8419.67
258940,79.48,8419.67
258950,79.48,8316.37
258960,79.48,8316.37
258970,79.48,8316.37
258980,79.48,8316.37
258990,79.48,8316.37
259000,79.48,8316.37
259010,79.48,8316.37
259020,79.48,8316.37
259030,79.48,8316.37
259040,79.48,8316.37
259050,79.48,8316.37
259060,79.48,8316.37
259070,79.48,8316.37
259080,79.48,8316.37
259090,79.48,8316.37
259100,79.48,8316.37
259110,79.48,8316.37
259120,79.48,8316.37
259130,79.48,8316.37
259140,79.48,8316.37
259150,79.48,8316.37
259160,79.48,8316.37
259170,79.48,8316.37
259180,79.48,8316.37
259190,79.48,8316.37
259200,79.48,8316.37
259210,79.48,8316.37
259220,79.48,8316.37
259230,79.48,8316.37
259240,79.0,8316.37
259250,79.0,8316.37
259260,79.0,8316.37
259270,79.0,8316.37
259280,79.0,8316.37
259290,79.0,8188.16
259300,79.0,8188.16
259310,79.0,8188.16
259320,79.0,8188.16
259330,79.0,8188.16
259340,79.0,8188.16
259350,79.0,8188.16
259360,79.0,8188.16
259370,79.0,8188.16
259380,79.0,8188.16
259390,79.0,8188.16
259400,79.0,8188.16
259410,79.0,8188.16
259420,79.0,8188.16
259430,79.0,8188.16
259440,79.0,8188.16
259450,79.0,8188.16
259460,79.0,8188.16
259470,79.0,8188.16
259480,79.0,8188.16
259490,79.0,8188.16
259500,79.0,8188.16
259510,79.0,8188.16
259520,79.0,8188.16
259530,79.0,8188.16
259540,79.0,8188.16
259550,79.0,8188.16
259560,79.0,8188.16
259570,79.19,8188.16
259580,79.19,8188.16
259590,79.19,8188.16
259600,79.19,8188.16
259610,79.19,8274.73
259620,79.19,8274.73
259630,79.19,8274.73
259640,79.19,8274.73
259650,79.19,8274.73
259660,79.19,8274.73
259670,79.19,8274.73
259680,79.19,8274.73
259690,79.19,8274.73
259700,79.19,8274.73
259710,79.19,8274.73
259720,79.19,8274.73
259730,79.19,8274.73
259740,79.19,8274.73
259750,79.19,8274.73
259760,79.19,8274.73
259770,79.19,8274.73
259780,79.19,8274.73
259790,79.19,8274.73
259800,79.19,8274.73
259810,79.19,8274.73
259820,79.19,8274.73
259830,79.19,8274.73
259840,79.19,8274.73
259850,79.19,8274.73
259860,79.19,8274.73
259870,79.19,8274.73
259880,79.19,8274.73
259890,79.19,8274.73
259900,79.19,8274.73
259910,79.19,8274.73
259920,79.19,8274.73
259930,79.19,8274.73
259940,79.19,8274.73
259950,79.19,8274.73
259960,79.19,8274.73
259970,79.19,8274.73
259980,79.35,8274.73
259990,79.35,8274.73
260000,79.35,8274.73
260010,79.35,8274.73
260020,79.35,8274.73
260030,79.35,8274.73
260040,79.35,8274.73
260050,79.35,8274.73
260060,79.35,8274.73
260070,79.35,8274.73
260080,79.35,8274.73
260090,79.35,8233.24
260100,79.35,8233.24
260110,79.35,8233.24
260120,79.35,8233.24
260130,79.35,8233.24
260140,79.35,8233.24
260150,79.35,8233.24
260160,79.35,8233.24
260170,79.35,8233.24
260180,79.35,8233.24
260190,79.35,8233.24
260200,79.35,8233.24
260210,79.35,8233.24
260220,79.35,8233.24
260230,79.35,8233.24
260240,79.35,8233.24
260250,79.35,8233.24
260260,79.35,8233.24
260270,79.35,8233.24
260280,79.35,8233.24
260290,79.35,8233.24
260300,79.35,8233.24
260310,79.35,8233.24
260320,79.77,8346.27
260330,79.77,8346.27
260340,79.77,8346.27
260350,79.77,8346.27
260360,79.77,8346.27
260370,79.77,8346.27
260380,79.77,8346.27
260390,79.77,8346.27
260400,79.77,8346.27
260410,79.77,8346.27
260420,79.77,8346.27
260430,79.77,8346.27
260440,79.77,8346.27
260450,79.77,8346.27
260460,79.77,8346.27
260470,79.77,8346.27
260480,79.77,8346.27
260490,79.77,8346.27
260500,79.77,8346.27
260510,79.77,8346.27
260520,79.77,8346.27
260530,79.77,8346.27
260540,80.21,8346.27
260550,80.21,8346.27
260560,80.21,8346.27
260570,80.21,8346.27
260580,80.21,8346.27
260590,80.21,8346.27
260600,80.21,8346.27
260610,80.21,8346.27
260620,80.21,8346.27
260630,80.21,8346.27
260640,80.21,8346.27
260650,80.21,8486.84
260660,80.21,8486.84
260670,80.21,8486.84
260680,80.21,8486.84
260690,80.21,8486.84
260700,80.21,8486.84
260710,80.21,8486.84
260720,80.21,8486.84
260730,80.21,8486.84
260740,80.21,8486.84
260750,80.42,8486.84
260760,80.42,8486.84
260770,80.42,8486.84
260780,80.42,8486.84
260790,80.42,8486.84
260800,80.42,8486.84
260810,80.42,8486.84
260820,80.42,8486.84
260830,80.42,8486.84
260840,80.42,8486.84
260850,80.42,8486.84
260860,80.42,8596.97
260870,80.42,8596.97
260880,80.42,8596.97
260890,80.42,8596.97
260900,80.42,8596.97
260910,80.42,8596.97
260920,80.42,8596.97
260930,80.42,8596.97
260940,80.42,8596.97
260950,80.42,8596.97
260960,80.42,8596.97
260970,80.42,8596.97
260980,80.42,8596.97
260990,80.42,8596.97
261000,80.42,8596.97
261010,80.42,8596.97
261020,80.42,8596.97
261030,80.42,8596.97
261040,80.42,8596.97
261050,80.42,8596.97
261060,80.42,8596.97
261070,80.42,8596.97
261080,80.42,8596.97
261090,80.42,8596.97
261100,80.42,8596.97
261110,80.42,8596.97
261120,80.42,8596.97
261130,80.42,8596.97
261140,80.42,8596.97
261150,80.42,8596.97
261160,80.42,8596.97
261170,80.42,8596.97
261180,80.42,8596.97
261190,80.42,8596.97
261200,80.34,8596.97
261210,80.34,8596.97
261220,80.34,8596.97
261230,80.34,8596.97
261240,80.34,8596.97
261250,80.34,8596.97
261260,80.34,8596.97
261270,80.34,8596.97
261280,80.34,8596.97
261290,80.34,8732.64
261300,80.34,8732.64
261310,80.34,8732.64
261320,80.34,8732.64
261330,80.34,8732.64
261340,80.34,8732.64
261350,80.34,8732.64
261360,80.34,8732.64
261370,80.34,8732.64
261380,80.34,8732.64
261390,80.34,8732.64
261400,80.34,8732.64
261410,80.34,8732.64
261420,80.34,8732.64
261430,80.34,8732.64
261440,80.34,8732.64
261450,80.34,8732.64
261460,80.34,8732.64
261470,80.34,8732.64
261480,80.34,8732.64
261490,80.34,8732.64
261500,80.34,8732.64
261510,80.34,8732.64
261520,80.34,8732.64
261530,80.34,8732.64
261540,80.34,8732.64
261550,80.34,8732.64
261560,80.34,8732.64
261570,80.34,8732.64
261580,80.34,8732.64
261590,80.34,8732.64
261600,80.34,8752.98
261610,80.34,8752.98
261620,80.34,8752.98
261630,80.34,8752.98
261640,80.44,8752.98
261650,80.44,8752.98
261660,80.44,8752.98
261670,80.44,8752.98
261680,80.44,8752.98
261690,80.44,8752.98
261700,80.44,8752.98
261710,80.44,8752.98
261720,80.44,8752.98
261730,80.44,8752.98
261740,80.44,8752.98
261750,80.44,8752.98
261760,80.44,8752.98
261770,80.44,8752.98
261780,80.44,8752.98
261790,80.44,8752.98
261800,80.44,8752.98
261810,80.44,8752.98
261820,80.44,8752.98
261830,80.44,8752.98
261840,80.44,8754.35
261850,80.44,8754.35
261860,80.44,8754.35
261870,80.44,8754.35
261880,80.44,8754.35
261890,80.44,8754.35
261900,80.44,8754.35
261910,80.44,8754.35
261920,80.44,8754.35
261930,80.44,8754.35
261940,80.44,8754.35
261950,80.44,8754.35
261960,80.44,8754.35
261970,80.44,8754.35
261980,80.44,8754.35
261990,80.44,8754.35
262000,80.44,8754.35
262010,80.44,8754.35
262020,80.99,8754.35
262030,80.99,8754.35
262040,80.99,8754.35
262050,80.99,8754.35
262060,80.99,8754.35
262070,80.99,8754.35
262080,80.99,8754.35
262090,80.99,8754.35
262100,80.99,8754.35
262110,80.99,8754.35
262120,80.99,8754.35
262130,80.99,8754.35
262140,80.99,8754.35
262150,80.99,8754.35
262160,80.99,8754.35
262170,80.99,8754.35
262180,80.99,8754.35
262190,80.99,8754.35
262200,80.99,8754.35
262210,80.99,8754.35
262220,80.99,8754.35
262230,80.99,8754.35
262240,80.99,8754.35
262250,80.99,8754.35
262260,80.99,8754.35
262270,80.99,8754.35
262280,80.99,8761.41
262290,80.99,8761.41
262300,80.99,8761.41
262310,80.99,8761.41
262320,80.99,8761.41
262330,80.99,8761.41
262340,80.99,8761.41
262350,80.99,8761.41
262360,80.99,8761.41
262370,80.99,8761.41
262380,80.99,8761.41
262390,80.99,8761.41
262400,80.99,8761.41
262410,80.99,8761.41
262420,80.99,8761.41
262430,80.99,8761.41
262440,80.99,8761.41
262450,80.99,8761.41
262460,80.99,8761.41
262470,80.99,8761.41
262480,80.99,8761.41
262490,80.99,8761.41
262500,80.85,8761.41
262510,80.85,8761.41
262520,80.85,8761.41
262530,80.85,8761.41
262540,80.85,8761.41
262550,80.85,8761.41
262560,80.85,8761.41
262570,80.85,8761.41
262580,80.85,8761.41
262590,80.85,8761.41
262600,80.85,8877.92
262610,80.85,8877.92
262620,80.85,8877.92
262630,80.85,8877.92
262640,80.85,8877.92
262650,80.85,8877.92
262660,80.85,8877.92
262670,80.85,8877.92
262680,80.85,8877.92
262690,80.85,8877.92
262700,80.85,8877.92
262710,80.85,8877.92
262720,80.85,8877.92
262730,80.85,8877.92
262740,80.85,8877.92
262750,80.85,8877.92
262760,80.85,8877.92
262770,80.85,8877.92
262780,80.85,8877.92
262790,80.85,8877.92
262800,80.85,8877.92
262810,80.85,8877.92
262820,80.85,8877.92
262830,80.85,8877.92
262840,80.85,8877.92
262850,80.85,8877.92
262860,80.85,8877.92
262870,80.85,8877.92
262880,80.85,8877.92
262890,80.85,8877.92
262900,80.85,8877.92
262910,80.85,8877.92
262920,80.85,8929.86
262930,80.85,8929.86
262940,80.85,8929.86
262950,80.85,8929.86
262960,80.85,8929.86
262970,80.73,8929.86
262980,80.73,8929.86
262990,80.73,8929.86
263000,80.73,8929.86
263010,80.73,8929.86
263020,80.73,8929.86
263030,80.73,8929.86
263040,80.73,8929.86
263050,80.73,8929.86
263060,80.73,8929.86
263070,80.73,8929.86
263080,80.73,8929.86
263090,80.73,8929.86
263100,80.73,8929.86
263110,80.73,8929.86
263120,80.73,8929.86
263130,80.73,8929.86
263140,80.73,8929.86
263150,80.73,8929.86
263160,80.73,8929.86
263170,80.73,8773.51
263180,80.73,8773.51
263190,80.73,8773.51
263200,80.73,8773.51
263210,80.73,8773.51
263220,80.73,8773.51
263230,80.73,8773.51
263240,80.73,8773.51
263250,80.73,8773.51
263260,80.73,8773.51
263270,80.86,8773.51
263280,80.86,8773.51
263290,80.86,8773.51
263300,80.86,8773.51
263310,80.86,8773.51
263320,80.86,8773.51
263330,80.86,8773.51
263340,80.86,8773.51
263350,80.86,8773.51
263360,80.86,8773.51
263370,80.86,8773.51
263380,80.86,8773.51
263390,80.86,8773.51
263400,80.86,8773.51
263410,80.86,8773.51
263420,80.86,8773.51
263430,80.86,8773.51
263440,80.86,8773.51
263450,80.86,8773.51
263460,80.86,8773.51
263470,80.86,8773.51
263480,80.86,8773.51
263490,80.86,8773.51
263500,80.86,8773.51
263510,80.86,8773.51
263520,80.86,8719.98
263530,80.86,8719.98
263540,80.86,8719.98
263550,80.86,8719.98
263560,80.86,8719.98
263570,80.86,8719.98
263580,80.86,8719.98
263590,80.86,8719.98
263600,80.86,8719.98
263610,80.86,8719.98
263620,80.86,8719.98
263630,80.33,8719.98
263640,80.33,8719.98
263650,80.33,8719.98
263660,80.33,8719.98
263670,80.33,8719.98
263680,80.33,8719.98
263690,80.33,8719.98
263700,80.33,8719.98
263710,80.33,8719.98
263720,80.33,8719.98
263730,80.33,8719.98
263740,80.33,8719.98
263750,80.33,8719.98
263760,80.33,8719.98
263770,80.33,8719.98
263780,80.33,8719.98
263790,80.33,8719.98
263800,80.33,8719.98
263810,80.33,8719.98
263820,80.33,8719.98
263830,80.33,8719.98
263840,80.33,8719.98
263850,80.33,8719.98
263860,80.33,8567.42
263870,80.33,8567.42
263880,80.33,8567.42
263890,80.33,8567.42
263900,80.33,8567.42
263910,80.33,8567.42
263920,80.33,8567.42
263930,80.33,8567.42
263940,80.33,8567.42
263950,80.33,8567.42
263960,79.97,8567.42
263970,79.97,8567.42
263980,79.97,8567.42
263990,79.97,8567.42
264000,79.97,8567.42
264010,79.97,8567.42
264020,79.97,8567.42
264030,79.97,8567.42
264040,79.97,8567.42
264050,79.97,8567.42
264060,79.97,8567.42
264070,79.97,8567.42
264080,79.97,8567.42
264090,79.97,8567.42
264100,79.97,8567.42
264110,79.97,8567.42
264120,79.97,8567.42
264130,79.97,8567.42
264140,79.97,8567.42
264150,79.97,8567.42
264160,79.97,8567.42
264170,79.97,8567.42
264180,79.97,8567.42
264190,79.97,8567.42
264200,79.97,8567.42
264210,79.97,8567.42
264220,79.97,8567.42
264230,79.97,8567.42
264240,79.97,8567.42
264250,79.97,8567.42
264260,79.97,8567.42
264270,79.97,8694.43
264280,79.97,8694.43
264290,79.97,8694.43
264300,79.97,8694.43
264310,79.97,8694.43
264320,79.97,8694.43
264330,79.97,8694.43
264340,79.97,8694.43
264350,79.97,8694.43
264360,79.97,8694.43
264370,79.97,8694.43
264380,79.97,8694.43
264390,79.97,8694.43
264400,79.97,8694.43
264410,79.97,8694.43
264420,79.97,8694.43
264430,80.16,8694.43
264440,80.16,8694.43
264450,80.16,8694.43
264460,80.16,8694.43
264470,80.16,8694.43
264480,80.16,8694.43
264490,80.16,8694.43
264500,80.16,8694.43
264510,80.16,8694.43
264520,80.16,8694.43
264530,80.16,8694.43
264540,80.16,8694.43
264550,80.16,8694.43
264560,80.16,8694.43
264570,80.16,8694.43
264580,80.16,8694.43
264590,80.16,8694.43
264600,80.16,8694.43
264610,80.16,8694.43
264620,80.16,8694.43
264630,80.16,8694.43
264640,80.16,8694.43
264650,80.16,8694.43
264660,80.16,8694.43
264670,80.16,8694.43
264680,80.16,8694.43
264690,80.16,8545.77
264700,80.16,8545.77
264710,80.16,8545.77
264720,80.16,8545.77
264730,80.16,8545.77
264740,80.16,8545.77
264750,80.16,8545.77
264760,80.16,8545.77
264770,80.16,8545.77
264780,80.16,8545.77
264790,80.16,8545.77
264800,80.16,8545.77
264810,80.16,8545.77
264820,80.16,8545.77
264830,80.16,8545.77
264840,80.16,8545.77
264850,80.16,8545.77
264860,80.16,8545.77
264870,80.16,8545.77
264880,80.16,8545.77
264890,80.16,8545.77
264900,80.16,8545.77
264910,80.16,8545.77
264920,80.32,8545.77
264930,80.32,8545.77
264940,80.32,8545.77
264950,80.32,8545.77
264960,80.32,8545.77
264970,80.32,8545.77
264980,80.32,8545.77
264990,80.32,8545.77
265000,80.32,8545.77
265010,80.32,8638.04
265020,80.32,8638.04
265030,80.32,8638.04
265040,80.32,8638.04
265050,80.32,8638.04
265060,80.32,8638.04
265070,80.32,8638.04
265080,80.32,8638.04
265090,80.32,8638.04
265100,80.32,8638.04
265110,80.32,8638.04
265120,80.32,8638.04
265130,80.32,8638.04
265140,80.32,8638.04
265150,80.32,8638.04
265160,80.32,8638.04
265170,80.32,8638.04
265180,80.32,8638.04
265190,79.89,8638.04
265200,79.89,8638.04
265210,79.89,8638.04
265220,79.89,8638.04
265230,79.89,8638.04
265240,79.89,8638.04
265250,79.89,8638.04
265260,79.89,8638.04
265270,79.89,8638.04
265280,79.89,8638.04
265290,79.89,8638.04
265300,79.89,8638.04
265310,79.89,8738.36
265320,79.89,8738.36
265330,79.89,8738.36
265340,79.89,8738.36
265350,79.89,8738.36
265360,79.89,8738.36
265370,79.89,8738.36
265380,79.89,8738.36
265390,79.89,8738.36
265400,79.89,8738.36
265410,79.89,8738.36
265420,80.08,8738.36
265430,80.08,8738.36
265440,80.08,8738.36
265450,80.08,8738.36
265460,80.08,8738.36
265470,80.08,8738.36
265480,80.08,8738.36
265490,80.08,8738.36
265500,80.08,8738.36
265510,80.08,8738.36
265520,80.08,8738.36
265530,80.08,8738.36
265540,80.08,8738.36
265550,80.08,8738.36
265560,80.08,8738.36
265570,80.08,8738.36
265580,80.08,8738.36
265590,80.08,8738.36
265600,80.08,8738.36
265610,80.08,8738.36
265620,80.08,8738.36
265630,80.08,8738.36
265640,80.08,8738.36
265650,80.08,8738.36
265660,80.08,8738.36
265670,80.08,8738.36
265680,80.08,8738.36
265690,80.08,8738.36
265700,79.96,8738.36
265710,79.96,8738.36
265720,79.96,8738.36
265730,79.96,8738.36
265740,79.96,8738.36
265750,79.96,8738.36
265760,79.96,8645.85
265770,79.96,8645.85
265780,79.96,8645.85
265790,79.96,8645.85
265800,79.96,8645.85
265810,79.96,8645.85
265820,79.96,8645.85
265830,79.96,8645.85
265840,79.96,8645.85
265850,79.96,8645.85
265860,79.96,8645.85
265870,79.96,8645.85
265880,79.96,8645.85
265890,79.96,8645.85
265900,79.96,8645.85
265910,79.96,8645.85
265920,79.96,8645.85
265930,79.96,8645.85
265940,79.96,8645.85
265950,79.96,8645.85
265960,79.96,8645.85
265970,79.96,8645.85
265980,79.96,8645.85
265990,79.96,8645.85
266000,79.96,8645.85
266010,79.96,8645.85
266020,79.96,8645.85
266030,79.96,8645.85
266040,79.96,8645.85
266050,79.96,8645.85
266060,79.96,8645.85
266070,80.18,8645.85
266080,80.18,8645.85
266090,80.18,8642.46
266100,80.18,8642.46
266110,80.18,8642.46
266120,80.18,8642.46
266130,80.18,8642.46
266140,80.18,8642.46
266150,80.18,8642.46
266160,80.18,8642.46
266170,80.18,8642.46
266180,80.18,8642.46
266190,80.18,8642.46
266200,80.18,8642.46
266210,80.18,8642.46
266220,80.18,8642.46
266230,80.18,8642.46
266240,80.18,8642.46
266250,80.18,8642.46
266260,80.18,8642.46
266270,80.18,8642.46
266280,80.18,8642.46
266290,80.18,8642.46
266300,80.18,8642.46
266310,80.18,8642.46
266320,80.18,8642.46
266330,80.18,8642.46
266340,80.18,8642.46
266350,80.18,8642.46
266360,80.18,8642.46
266370,80.18,8642.46
266380,80.18,8642.46
266390,80.18,8642.46
266400,80.18,8642.46
266410,80.18,8642.46
266420,80.18,8642.46
266430,80.18,8642.46
266440,80.18,8642.46
266450,80.49,8642.46
266460,80.49,8642.46
266470,80.49,8642.46
266480,80.49,8642.46
266490,80.49,8642.46
266500,80.49,8642.46
266510,80.49,8642.46
266520,80.49,8642.46
266530,80.49,8642.46
266540,80.49,8642.46
266550,80.49,8642.46
266560,80.49,8642.46
266570,80.49,8656.97
266580,80.49,8656.97
266590,80.49,8656.97
266600,80.49,8656.97
266610,80.49,8656.97
266620,80.49,8656.97
266630,80.49,8656.97
266640,80.49,8656.97
266650,80.49,8656.97
266660,80.49,8656.97
266670,80.49,8656.97
266680,80.49,8656.97
266690,80.49,8656.97
266700,80.49,8656.97
266710,80.49,8656.97
266720,80.49,8656.97
266730,80.49,8656.97
266740,80.49,8656.97
266750,80.49,8656.97
266760,80.49,8656.97
266770,80.49,8656.97
266780,80.49,8656.97
266790,80.49,8656.97
266800,80.49,8656.97
266810,80.49,8656.97
266820,80.49,8656.97
266830,80.49,8656.97
266840,80.49,8656.97
266850,80.49,8656.97
266860,80.85,8656.97
266870,80.85,8656.97
266880,80.85,8656.97
266890,80.85,8656.97
266900,80.85,8656.97
266910,80.85,8656.97
266920,80.85,8656.97
266930,80.85,8656.97
266940,80.85,8656.97
266950,80.85,8656.97
266960,80.85,8659.72
266970,80.85,8659.72
266980,80.85,8659.72
266990,80.85,8659.72
267000,80.85,8659.72
267010,80.85,8659.72
267020,80.85,8659.72
267030,80.85,8659.72
267040,80.85,8659.72
267050,80.85,8659.72
267060,80.85,8659.72
267070,80.85,8659.72
267080,80.34,8659.72
267090,80.34,8659.72
267100,80.34,8659.72
267110,80.34,8659.72
267120,80.34,8659.72
267130,80.34,8659.72
267140,80.34,8659.72
267150,80.34,8659.72
267160,80.34,8659.72
267170,80.34,8659.72
267180,80.34,8783.52
267190,80.34,8783.52
267200,80.34,8783.52
267210,80.34,8783.52
267220,80.34,8783.52
267230,80.34,8783.52
267240,80.34,8783.52
267250,80.34,8783.52
267260,80.34,8783.52
267270,80.34,8783.52
267280,80.34,8783.52
267290,80.34,8783.52
267300,80.34,8783.52
267310,80.34,8783.52
267320,80.34,8783.52
267330,80.34,8783.52
267340,80.34,8783.52
267350,80.34,8783.52
267360,80.34,8783.52
267370,80.34,8783.52
267380,80.34,8783.52
267390,80.34,8783.52
267400,80.34,8783.52
267410,80.34,8783.52
267420,80.34,8783.52
267430,80.34,8783.52
267440,80.34,8783.52
267450,80.34,8783.52
267460,80.34,8783.52
267470,80.34,8783.52
267480,80.34,8783.52
267490,80.26,8783.52
267500,80.26,8783.52
267510,80.26,8783.52
267520,80.26,8783.52
267530,80.26,8783.52
267540,80.26,8783.52
267550,80.26,8783.52
267560,80.26,8783.52
267570,80.26,8783.52
267580,80.26,8783.52
267590,80.26,8881.86
267600,80.26,8881.86
267610,80.26,8881.86
267620,80.26,8881.86
267630,80.26,8881.86
267640,80.26,8881.86
267650,80.26,8881.86
267660,80.26,8881.86
267670,80.26,8881.86
267680,80.26,8881.86
267690,80.26,8881.86
267700,80.26,8881.86
267710,80.26,8881.86
267720,80.26,8881.86
267730,80.05,8881.86
267740,80.05,8881.86
267750,80.05,8881.86
267760,80.05,8881.86
267770,80.05,8881.86
267780,80.05,8881.86
267790,80.05,8881.86
267800,80.05,8881.86
267810,80.05,8881.86
267820,80.05,8881.86
267830,80.05,8881.86
267840,80.05,8881.86
267850,80.05,8881.86
267860,80.05,8881.86
267870,80.05,8881.86
267880,80.05,8881.86
267890,80.05,8881.86
267900,80.05,8881.86
267910,80.05,8881.86
267920,80.05,8881.86
267930,80.05,8881.86
267940,80.05,8881.86
267950,80.05,8881.86
267960,80.05,8881.86
267970,80.05,8881.86
267980,80.05,8881.86
267990,80.05,8881.86
268000,80.05,8881.86
268010,80.05,8881.86
268020,80.05,8881.86
268030,80.05,8881.86
268040,80.05,8881.86
268050,80.05,8881.86
268060,80.05,8881.86
268070,80.05,8881.86
268080,80.05,8862.13
268090,80.05,8862.13
268100,80.05,8862.13
268110,80.05,8862.13
268120,80.05,8862.13
268130,80.05,8862.13
268140,80.36,8862.13
268150,80.36,8862.13
268160,80.36,8862.13
268170,80.36,8862.13
268180,80.36,8862.13
268190,80.36,8862.13
268200,80.36,8862.13
268210,80.36,8862.13
268220,80.36,8862.13
268230,80.36,8862.13
268240,80.36,8862.13
268250,80.36,8862.13
268260,80.36,8862.13
268270,80.36,8862.13
268280,80.36,8862.13
268290,80.36,8862.13
268300,80.36,8862.13
268310,80.36,8862.13
268320,80.36,8909.47
268330,80.36,8909.47
268340,80.36,8909.47
268350,80.54,8909.47
268360,80.54,8909.47
268370,80.54,8909.47
268380,80.54,8909.47
268390,80.54,8909.47
268400,80.54,8909.47
268410,80.54,8909.47
268420,80.54,8909.47
268430,80.54,8909.47
268440,80.54,8909.47
268450,80.54,8909.47
268460,80.54,8909.47
268470,80.54,8909.47
268480,80.54,8909.47
268490,80.54,8909.47
268500,80.54,8909.47
268510,80.54,8909.47
268520,80.54,8909.47
268530,80.54,8909.47
268540,80.54,8909.47
268550,80.54,8909.47
268560,80.54,8909.47
268570,80.54,8909.47
268580,80.54,8909.47
268590,80.54,8909.47
268600,80.54,8909.47
268610,80.54,8909.47
268620,80.54,8909.47
268630,80.54,8909.47
268640,80.54,8909.47
268650,80.54,8909.47
268660,80.54,8909.47
268670,80.54,8909.47
268680,80.54,8909.47
268690,80.54,8909.47
268700,80.54,8909.47
268710,80.54,8923.83
268720,80.54,8923.83
268730,80.54,8923.83
268740,80.53,8923.83
268750,80.53,8923.83
268760,80.53,8923.83
268770,80.53,8923.83
268780,80.53,8923.83
268790,80.53,8923.83
268800,80.53,8923.83
268810,80.53,8923.83
268820,80.53,8923.83
268830,80.53,8923.83
268840,80.53,8923.83
268850,80.53,8923.83
268860,80.53,8923.83
268870,80.53,8923.83
268880,80.53,8923.83
268890,80.53,8923.83
268900,80.53,8923.83
268910,80.53,8923.83
268920,80.53,8923.83
268930,80.53,8923.83
268940,80.53,8923.83
268950,80.53,8923.83
268960,80.53,8923.83
268970,80.53,8923.83
268980,80.53,8923.83
268990,80.53,8923.83
269000,80.53,8923.83
269010,80.53,8923.83
269020,80.53,8923.83
269030,80.53,8923.83
269040,80.53,8923.83
269050,80.53,8923.83
269060,80.53,8923.83
269070,80.53,8923.83
269080,80.76,8923.83
269090,80.76,8923.83
269100,80.76,8923.83
269110,80.76,8923.83
269120,80.76,8923.83
269130,80.76,8923.83
269140,80.76,8923.83
269150,80.76,8923.83
269160,80.76,8923.83
269170,80.76,8923.83
269180,80.76,9061.38
269190,80.76,9061.38
269200,80.76,9061.38
269210,80.76,9061.38
269220,80.76,9061.38
269230,80.76,9061.38
269240,80.76,9061.38
269250,80.76,9061.38
269260,80.76,9061.38
269270,80.76,9061.38
269280,80.76,9061.38
269290,80.76,9061.38
269300,80.76,9061.38
269310,80.76,9061.38
269320,80.76,9061.38
269330,80.55,9061.38
269340,80.55,9061.38
269350,80.55,9061.38
269360,80.55,9061.38
269370,80.55,9061.38
269380,80.55,9061.38
269390,80.55,9061.38
269400,80.55,9061.38
269410,80.55,9061.38
269420,80.55,9061.38
269430,80.55,9061.38
269440,80.55,9061.38
269450,80.55,9061.38
269460,80.55,9061.38
269470,80.55,9026.54
269480,80.55,9026.54
269490,80.55,9026.54
269500,80.55,9026.54
269510,80.55,9026.54
269520,80.55,9026.54
269530,80.55,9026.54
269540,80.55,9026.54
269550,80.55,9026.54
269560,80.79,9026.54
269570,80.79,9026.54
269580,80.79,9026.54
269590,80.79,9026.54
269600,80.79,9026.54
269610,80.79,9026.54
269620,80.79,9026.54
269630,80.79,9026.54
269640,80.79,9026.54
269650,80.79,9026.54
269660,80.79,9026.54
269670,80.79,9026.54
269680,80.79,9026.54
269690,80.79,9026.54
269700,80.79,9026.54
269710,80.79,9026.54
269720,80.79,9026.54
269730,80.79,9026.54
269740,80.79,9026.54
269750,80.79,9026.54
269760,80.79,9026.54
269770,80.79,9026.54
269780,80.79,9026.54
269790,80.79,9026.54
269800,80.79,9026.54
269810,80.79,9026.54
269820,80.79,9026.54
269830,80.79,9026.54
269840,80.79,9026.54
269850,80.79,9026.54
269860,80.79,9026.54
269870,80.79,9026.54
269880,80.79,9026.54
269890,80.79,9026.54
269900,80.79,9026.54
269910,80.79,9026.54
269920,80.79,9026.54
269930,80.79,9026.54
269940,80.79,9026.54
269950,80.79,8932.26
269960,80.79,8932.26
269970,81.0,8932.26
269980,81.0,8932.26
269990,81.0,8932.26
270000,81.0,8932.26
270010,81.0,8932.26
270020,81.0,8932.26
270030,81.0,8932.26
270040,81.0,8932.26
270050,81.0,8932.26
270060,81.0,8932.26
270070,81.0,8932.26
270080,81.0,8932.26
270090,81.0,8932.26
270100,81.0,8932.26
270110,81.0,8932.26
270120,81.0,8932.26
270130,81.0,8932.26
270140,81.0,8932.26
270150,81.0,8932.26
270160,81.0,8932.26
270170,81.0,8932.26
270180,81.0,8932.26
270190,81.0,8932.26
270200,81.0,8932.26
270210,81.0,8932.26
270220,81.0,8932.26
270230,81.0,8932.26
270240,81.0,8932.26
270250,81.0,8932.26
270260,81.0,8932.26
270270,81.0,8932.26
270280,81.0,8932.26
270290,81.0,8932.26
270300,81.0,8932.26
270310,81.0,8932.26
270320,81.0,8932.26
270330,81.49,8932.26
270340,81.49,8932.26
270350,81.49,8932.26
270360,81.49,8932.26
270370,81.49,8803.01
270380,81.49,8803.01
270390,81.49,8803.01
270400,81.49,8803.01
270410,81.49,8803.01
270420,81.49,8803.01
270430,81.49,8803.01
270440,81.49,8803.01
270450,81.49,8803.01
270460,81.49,8803.01
270470,81.49,8803.01
270480,81.49,8803.01
270490,81.49,8803.01
270500,81.49,8803.01
270510,81.49,8803.01
270520,81.49,8803.01
270530,81.49,8803.01
270540,81.49,8803.01
270550,81.49,8803.01
270560,81.49,8803.01
270570,81.49,8803.01
270580,81.49,8803.01
270590,81.49,8803.01
270600,81.49,8803.01
270610,81.49,8803.01
270620,81.49,8803.01
270630,81.91,8803.01
270640,81.91,8803.01
270650,81.91,8803.01
270660,81.91,8803.01
270670,81.91,8803.01
270680,81.91,8803.01
270690,81.91,8803.01
270700,81.91,8803.01
270710,81.91,8684.64
270720,81.91,8684.64
270730,81.91,8684.64
270740,81.91,8684.64
270750,81.91,8684.64
270760,81.91,8684.64
270770,81.91,8684.64
270780,81.91,8684.64
270790,81.91,8684.64
270800,81.91,8684.64
270810,81.91,8684.64
270820,81.91,8684.64
270830,81.91,8684.64
270840,81.91,8684.64
270850,81.91,8684.64
270860,81.91,8684.64
270870,81.91,8684.64
270880,81.91,8684.64
270890,81.91,8684.64
270900,81.91,8684.64
270910,81.91,8684.64
270920,81.91,8684.64
270930,81.91,8684.64
270940,81.91,8684.64
270950,81.91,8684.64
270960,81.91,8684.64
270970,82.13,8684.64
270980,82.13,8684.64
270990,82.13,8684.64
271000,82.13,8684.64
271010,82.13,8684.64
271020,82.13,8684.64
271030,82.13,8805.84
271040,82.13,8805.84
271050,82.13,8805.84
271060,82.13,8805.84
271070,82.13,8805.84
271080,82.13,8805.84
271090,82.13,8805.84
271100,82.13,8805.84
271110,82.13,8805.84
271120,82.13,8805.84
271130,82.13,8805.84
271140,82.13,8805.84
271150,82.13,8805.84
271160,82.13,8805.84
271170,82.13,8805.84
271180,82.13,8805.84
271190,82.13,8805.84
271200,82.13,8805.84
271210,82.13,8805.84
271220,82.13,8805.84
271230,82.13,8805.84
271240,82.13,8805.84
271250,82.13,8805.84
271260,82.13,8805.84
271270,82.13,8805.84
271280,82.13,8805.84
271290,82.13,8805.84
271300,82.13,8805.84
271310,82.13,8805.84
271320,82.13,8805.84
271330,82.13,8805.84
271340,82.13,8805.84
271350,82.13,8805.84
271360,82.13,8805.84
271370,82.13,8805.84
271380,82.13,8805.84
271390,82.13,8805.84
271400,82.13,8805.84
271410,82.13,8805.84
271420,82.13,8805.84
271430,82.13,8805.84
271440,82.13,8805.84
271450,82.13,8805.84
271460,82.31,8805.84
271470,82.31,8805.84
271480,82.31,8916.87
271490,82.31,8916.87
271500,82.31,8916.87
271510,82.31,8916.87
271520,82.31,8916.87
271530,82.31,8916.87
271540,82.31,8916.87
271550,82.31,8916.87
271560,82.31,8916.87
271570,82.31,8916.87
271580,82.31,8916.87
271590,82.31,8916.87
271600,82.31,8916.87
271610,82.31,8916.87
271620,82.31,8916.87
271630,82.31,8916.87
271640,82.31,8916.87
271650,82.31,8916.87
271660,82.31,8916.87
271670,82.31,8916.87
271680,82.31,8916.87
271690,82.31,8916.87
271700,82.31,8916.87
271710,82.31,8916.87
271720,82.31,8916.87
271730,82.31,8846.98
271740,82.31,8846.98
271750,82.31,8846.98
271760,82.31,8846.98
271770,82.31,8846.98
271780,82.31,8846.98
271790,82.31,8846.98
271800,82.31,8846.98
271810,82.42,8846.98
271820,82.42,8846.98
271830,82.42,8846.98
271840,82.42,8846.98
271850,82.42,8846.98
271860,82.42,8846.98
271870,82.42,8846.98
271880,82.42,8846.98
271890,82.42,8846.98
271900,82.42,8846.98
271910,82.42,8846.98
271920,82.42,8846.98
271930,82.42,8819.21
271940,82.42,8819.21
271950,82.42,8819.21
271960,82.42,8819.21
271970,82.42,8819.21
271980,82.42,8819.21
271990,82.42,8819.21
272000,82.42,8819.21
272010,82.42,8819.21
272020,82.42,8819.21
272030,81.92,8819.21
272040,81.92,8819.21
272050,81.92,8819.21
272060,81.92,8819.21
272070,81.92,8819.21
272080,81.92,8819.21
272090,81.92,8819.21
272100,81.92,8819.21
272110,81.92,8819.21
272120,81.92,8819.21
272130,81.92,8819.21
272140,81.92,8819.21
272150,81.92,8819.21
272160,81.92,8819.21
272170,81.92,8819.21
272180,81.92,8819.21
272190,81.92,8819.21
272200,81.92,8819.21
272210,81.92,8819.21
272220,81.92,8819.21
272230,81.46,8819.21
272240,81.46,8819.21
272250,81.46,8819.21
272260,81.46,8819.21
272270,81.46,8819.21
272280,81.46,8819.21
272290,81.46,8819.21
272300,81.46,8819.21
272310,81.46,8819.21
272320,81.46,8819.21
272330,81.46,8819.21
272340,81.46,8819.21
272350,81.46,8819.21
272360,81.46,8819.21
272370,81.46,8819.21
272380,81.46,8819.21
272390,81.46,8797.57
272400,81.46,8797.57
272410,81.46,8797.57
272420,81.46,8797.57
272430,81.46,8797.57
272440,81.46,8797.57
272450,81.46,8797.57
272460,81.46,8797.57
272470,81.46,8797.57
272480,81.46,8797.57
272490,81.46,8797.57
272500,81.46,8797.57
272510,81.46,8797.57
272520,81.46,8797.57
272530,81.46,8797.57
272540,81.46,8797.57
272550,81.46,8797.57
272560,81.46,8797.57
272570,81.46,8797.57
272580,81.46,8797.57
272590,81.46,8797.57
272600,81.46,8797.57
272610,81.46,8797.57
272620,81.46,8797.57
272630,81.46,8797.57
272640,81.46,8797.57
272650,81.46,8797.57
272660,81.46,8797.57
272670,81.46,8797.57
272680,81.46,8797.57
272690,81.46,8797.57
272700,81.45,8797.57
272710,81.45,8852.96
272720,81.45,8852.96
272730,81.45,8852.96
272740,81.45,8852.96
272750,81.45,8852.96
272760,81.45,8852.96
272770,81.45,8852.96
272780,81.45,8852.96
272790,81.45,8852.96
272800,81.45,8852.96
272810,81.45,8852.96
272820,81.45,8852.96
272830,81.45,8852.96
272840,81.45,8852.96
272850,81.45,8852.96
272860,81.45,8852.96
272870,81.45,8852.96
272880,81.45,8852.96
272890,81.45,8852.96
272900,81.45,8852.96
272910,81.45,8852.96
272920,81.45,8852.96
272930,81.45,8852.96
272940,81.45,8852.96
272950,81.45,8852.96
272960,81.45,8852.96
272970,81.45,8852.96
272980,81.45,8852.96
272990,81.45,8852.96
273000,81.45,8852.96
273010,81.45,8852.96
273020,81.45,8852.96
273030,81.45,8852.96
273040,81.45,8852.96
273050,81.45,8852.96
273060,81.45,8852.96
273070,81.45,8852.96
273080,81.17,8852.96
273090,81.17,8852.96
273100,81.17,8747.22
273110,81.17,8747.22
273120,81.17,8747.22
273130,81.17,8747.22
273140,81.17,8747.22
273150,81.17,8747.22
273160,81.17,8747.22
273170,81.17,8747.22
273180,81.17,8747.22
273190,81.17,8747.22
273200,81.17,8747.22
273210,81.17,8747.22
273220,81.17,8747.22
273230,81.17,8747.22
273240,81.17,8747.22
273250,81.17,8747.22
273260,81.17,8747.22
273270,81.17,8747.22
273280,81.17,8747.22
273290,81.17,8747.22
273300,81.17,8747.22
273310,81.17,8747.22
273320,81.17,8747.22
273330,81.17,8747.22
273340,81.17,8747.22
273350,81.17,8747.22
273360,81.17,8747.22
273370,81.17,8747.22
273380,81.17,8747.22
273390,81.17,8747.22
273400,81.17,8747.22
273410,81.17,8747.22
273420,81.17,8747.22
273430,81.17,8747.22
273440,81.01,8747.22
273450,81.01,8747.22
273460,81.01,8747.22
273470,81.01,8747.22
273480,81.01,8747.22
273490,81.01,8747.22
273500,81.01,8747.22
273510,81.01,8747.22
273520,81.01,8842.6
273530,81.01,8842.6
273540,81.01,8842.6
273550,81.01,8842.6
273560,81.01,8842.6
273570,81.01,8842.6
273580,81.01,8842.6
273590,81.01,8842.6
273600,81.01,8842.6
273610,81.01,8842.6
273620,81.01,8842.6
273630,81.01,8842.6
273640,81.01,8842.6
273650,81.01,8842.6
273660,81.01,8842.6
273670,81.01,8842.6
273680,81.01,8842.6
273690,81.01,8842.6
273700,81.01,8842.6
273710,81.01,8842.6
273720,81.01,8842.6
273730,81.01,8842.6
273740,81.01,8842.6
273750,81.01,8895.73
273760,81.01,8895.73
273770,81.01,8895.73
273780,81.29,8895.73
273790,81.29,8895.73
273800,81.29,8895.73
273810,81.29,8895.73
273820,81.29,8895.73
273830,81.29,8895.73
273840,81.29,8895.73
273850,81.29,8895.73
273860,81.29,8895.73
273870,81.29,8895.73
273880,81.29,8895.73
273890,81.29,8895.73
273900,81.29,8895.73
273910,81.29,8895.73
273920,81.29,8895.73
273930,81.29,8895.73
273940,81.29,8895.73
273950,81.29,8895.73
273960,81.29,8895.73
273970,81.29,8895.73
273980,81.29,8895.73
273990,81.29,8895.73
274000,81.29,8895.73
274010,81.29,8895.73
274020,81.29,8895.73
274030,81.29,8895.73
274040,81.29,8895.73
274050,81.29,8895.73
274060,81.29,8895.73
274070,81.29,8895.73
274080,81.26,8895.73
274090,81.26,8895.73
274100,81.26,8895.73
274110,81.26,8895.73
274120,81.26,8895.73
274130,81.26,8831.17
274140,81.26,8831.17
274150,81.26,8831.17
274160,81.26,8831.17
274170,81.26,8831.17
274180,81.26,8831.17
274190,81.26,8831.17
274200,81.26,8831.17
274210,81.26,8831.17
274220,81.26,8831.17
274230,81.26,8831.17
274240,81.26,8831.17
274250,81.26,8831.17
274260,81.26,8831.17
274270,81.26,8831.17
274280,81.26,8831.17
274290,81.26,8831.17
274300,81.26,8831.17
274310,81.26,8831.17
274320,81.26,8831.17
274330,81.26,8831.17
274340,81.26,8831.17
274350,81.26,8831.17
274360,81.26,8831.17
274370,81.26,8831.17
274380,81.26,8831.17
274390,81.26,8831.17
274400,81.26,8831.17
274410,81.26,8831.17
274420,81.26,8831.17
274430,81.26,8831.17
274440,81.26,8868.66
274450,81.26,8868.66
274460,81.26,8868.66
274470,81.26,8868.66
274480,81.26,8868.66
274490,81.26,8868.66
274500,81.26,8868.66
274510,81.26,8868.66
274520,81.26,8868.66
274530,81.26,8868.66
274540,81.26,8868.66
274550,81.33,8868.66
274560,81.33,8868.66
274570,81.33,8868.66
274580,81.33,8868.66
274590,81.33,8868.66
274600,81.33,8868.66
274610,81.33,8868.66
274620,81.33,8868.66
274630,81.33,8868.66
274640,81.33,8868.66
274650,81.33,8868.66
274660,81.33,8868.66
274670,81.33,8868.66
274680,81.33,8868.66
274690,81.33,8974.85
274700,81.33,8974.85
274710,81.33,8974.85
274720,81.33,8974.85
274730,81.33,8974.85
274740,81.33,8974.85
274750,81.33,8974.85
274760,81.33,8974.85
274770,81.33,8974.85
274780,81.33,8974.85
274790,81.33,8974.85
274800,81.33,8974.85
274810,81.33,8974.85
274820,81.33,8974.85
274830,81.33,8974.85
274840,80.87,8974.85
274850,80.87,8974.85
274860,80.87,8974.85
274870,80.87,8974.85
274880,80.87,8974.85
274890,80.87,8974.85
274900,80.87,8974.85
274910,80.87,8974.85
274920,80.87,8974.85
274930,80.87,8974.85
274940,80.87,8974.85
274950,80.87,8974.85
274960,80.87,8974.85
274970,80.87,8974.85
274980,80.87,8974.85
274990,80.87,8974.85
275000,80.87,8974.85
275010,80.87,8974.85
275020,80.87,8974.85
275030,80.87,8974.85
275040,80.87,8974.85
275050,80.87,8974.85
275060,80.87,8974.85
275070,80.87,8974.85
275080,80.87,8974.85
275090,80.87,8974.85
275100,80.87,8974.85
275110,80.87,8974.85
275120,80.87,8974.85
275130,80.87,8974.74
275140,80.87,8974.74
275150,80.87,8974.74
275160,80.87,8974.74
275170,80.87,8974.74
275180,80.87,8974.74
275190,80.87,8974.74
275200,80.87,8974.74
275210,80.87,8974.74
275220,80.87,8974.74
275230,80.87,8974.74
275240,81.22,8974.74
275250,81.22,8974.74
275260,81.22,8974.74
275270,81.22,8974.74
275280,81.22,8974.74
275290,81.22,8974.74
275300,81.22,8974.74
275310,81.22,8974.74
275320,81.22,8974.74
275330,81.22,8974.74
275340,81.22,8974.74
275350,81.22,8974.74
275360,81.22,8974.74
275370,81.22,8974.74
275380,81.22,8974.74
275390,81.22,8974.74
275400,81.22,8974.74
275410,81.22,8974.74
275420,81.22,8974.74
275430,81.22,8974.74
275440,81.22,8974.74
275450,81.22,8974.74
275460,81.22,8974.74
275470,81.22,8974.74
275480,81.22,8974.74
275490,81.22,8974.74
275500,81.22,8974.74
275510,81.22,8923.8
275520,81.22,8923.8
275530,81.22,8923.8
275540,81.22,8923.8
275550,81.3,8923.8
275560,81.3,8923.8
275570,81.3,8923.8
275580,81.3,8923.8
275590,81.3,8923.8
275600,81.3,8923.8
275610,81.3,8923.8
275620,81.3,8923.8
275630,81.3,8923.8
275640,81.3,8923.8
275650,81.3,8923.8
275660,81.3,8923.8
275670,81.3,8923.8
275680,81.3,8923.8
275690,81.3,8923.8
275700,81.3,8923.8
275710,81.3,8923.8
275720,81.3,8923.8
275730,81.3,8923.8
275740,81.3,8923.8
275750,81.3,8789.71
275760,81.3,8789.71
275770,81.3,8789.71
275780,81.3,8789.71
275790,81.3,8789.71
275800,81.3,8789.71
275810,81.3,8789.71
275820,81.3,8789.71
275830,81.3,8789.71
275840,81.3,8789.71
275850,81.3,8789.71
275860,81.3,8789.71
275870,81.3,8789.71
275880,81.3,8789.71
275890,81.3,8789.71
275900,81.3,8789.71
275910,81.3,8789.71
275920,81.3,8789.71
275930,81.3,8789.71
275940,81.3,8789.71
275950,81.3,8789.71
275960,81.3,8789.71
275970,81.3,8789.71
275980,81.3,8789.71
275990,81.3,8789.71
276000,81.3,8789.71
276010,81.3,8789.71
276020,81.3,8789.71
276030,81.72,8789.71
276040,81.72,8789.71
276050,81.72,8789.71
276060,81.72,8789.71
276070,81.72,8789.71
276080,81.72,8789.71
276090,81.72,8789.71
276100,81.72,8789.71
276110,81.72,8789.71
276120,81.72,8789.71
276130,81.72,8789.71
276140,81.72,8789.71
276150,81.72,8789.71
276160,81.72,8789.71
276170,81.72,8789.71
276180,81.72,8789.71
276190,81.72,8789.71
276200,81.72,8789.71
276210,81.72,8789.71
276220,81.72,8789.71
276230,81.72,8789.71
276240,81.72,8735.79
276250,81.72,8735.79
276260,81.72,8735.79
276270,81.72,8735.79
276280,81.72,8735.79
276290,81.72,8735.79
276300,81.72,8735.79
276310,81.72,8735.79
276320,81.72,8735.79
276330,81.72,8735.79
276340,81.72,8735.79
276350,81.72,8735.79
276360,81.72,8735.79
276370,81.72,8735.79
276380,81.72,8735.79
276390,81.72,8735.79
276400,81.72,8735.79
276410,81.72,8735.79
276420,82.26,8735.79
276430,82.26,8735.79
276440,82.26,8735.79
276450,82.26,8735.79
276460,82.26,8735.79
276470,82.26,8735.79
276480,82.26,8735.79
276490,82.26,8735.79
276500,82.26,8758.45
276510,82.26,8758.45
276520,82.26,8758.45
276530,82.26,8758.45
276540,82.26,8758.45
276550,82.26,8758.45
276560,82.26,8758.45
276570,82.26,8758.45
276580,82.26,8758.45
276590,82.26,8758.45
276600,82.26,8758.45
276610,82.26,8758.45
276620,82.26,8758.45
276630,82.26,8758.45
276640,81.9,8758.45
276650,81.9,8758.45
276660,81.9,8758.45
276670,81.9,8758.45
276680,81.9,8758.45
276690,81.9,8758.45
276700,81.9,8758.45
276710,81.9,8758.45
276720,81.9,8758.45
276730,81.9,8758.45
276740,81.9,8758.45
276750,81.9,8758.45
276760,81.9,8758.45
276770,81.9,8758.45
276780,81.9,8758.45
276790,81.9,8758.45
276800,81.9,8758.45
276810,81.9,8758.45
276820,81.9,8758.45
276830,81.9,8758.45
276840,81.9,8758.45
276850,81.9,8758.45
276860,81.9,8758.45
276870,81.9,8758.45
276880,81.9,8758.45
276890,81.9,8758.45
276900,81.9,8675.09
276910,81.9,8675.09
276920,81.9,8675.09
276930,81.9,8675.09
276940,81.9,8675.09
276950,81.9,8675.09
276960,81.9,8675.09
276970,81.9,8675.09
276980,82.16,8675.09
276990,82.16,8675.09
277000,82.16,8675.09
277010,82.16,8675.09
277020,82.16,8675.09
277030,82.16,8675.09
277040,82.16,8675.09
277050,82.16,8675.09
277060,82.16,8675.09
277070,82.16,8675.09
277080,82.16,8675.09
277090,82.16,8675.09
277100,82.16,8675.09
277110,82.16,8675.09
277120,82.16,8675.09
277130,82.16,8675.09
277140,82.16,8675.09
277150,82.16,8675.09
277160,82.16,8675.09
277170,82.16,8675.09
277180,82.16,8675.09
277190,82.16,8675.09
277200,82.16,8675.09
277210,82.16,8675.09
277220,82.16,8675.09
277230,82.16,8675.09
277240,82.16,8675.09
277250,82.16,8675.09
277260,82.16,8675.09
277270,82.16,8675.09
277280,82.16,8675.09
277290,82.16,8675.09
277300,82.16,8675.09
277310,82.16,8675.09
277320,82.16,8675.09
277330,82.16,8675.09
277340,82.16,8764.45
277350,81.74,8764.45
277360,81.74,8764.45
277370,81.74,8764.45
277380,81.74,8764.45
277390,81.74,8764.45
277400,81.74,8764.45
277410,81.74,8764.45
277420,81.74,8764.45
277430,81.74,8764.45
277440,81.74,8764.45
277450,81.74,8764.45
277460,81.74,8764.45
277470,81.74,8764.45
277480,81.74,8764.45
277490,81.74,8764.45
277500,81.74,8764.45
277510,81.74,8764.45
277520,81.74,8764.45
277530,81.74,8764.45
277540,81.74,8764.45
277550,81.74,8764.45
277560,81.74,8764.45
277570,81.74,8764.45
277580,81.74,8764.45
277590,81.74,8764.45
277600,81.74,8764.45
277610,81.74,8764.45
277620,81.74,8764.45
277630,81.74,8764.45
277640,81.74,8764.45
277650,81.9,8764.45
277660,81.9,8764.45
277670,81.9,8764.45
277680,81.9,8764.45
277690,81.9,8764.45
277700,81.9,8764.45
277710,81.9,8764.45
277720,81.9,8764.45
277730,81.9,8764.45
277740,81.9,8768.94
277750,81.9,8768.94
277760,81.9,8768.94
277770,81.9,8768.94
277780,81.9,8768.94
277790,81.9,8768.94
277800,81.9,8768.94
277810,81.9,8768.94
277820,81.9,8768.94
277830,81.9,8768.94
277840,81.9,8768.94
277850,81.9,8768.94
277860,81.9,8768.94
277870,81.9,8768.94
277880,81.9,8768.94
277890,81.9,8768.94
277900,81.9,8768.94
277910,81.9,8768.94
277920,81.9,8768.94
277930,81.9,8768.94
277940,81.9,8768.94
277950,81.9,8768.94
277960,81.9,8768.94
277970,81.9,8768.94
277980,81.9,8768.94
277990,81.9,8768.94
278000,81.9,8768.94
278010,81.9,8768.94
278020,81.9,8768.94
278030,81.9,8676.7
278040,81.9,8676.7
278050,81.9,8676.7
278060,81.9,8676.7
278070,81.9,8676.7
278080,81.9,8676.7
278090,81.9,8676.7
278100,81.9,8676.7
278110,82.35,8676.7
278120,82.35,8676.7
278130,82.35,8676.7
278140,82.35,8676.7
278150,82.35,8676.7
278160,82.35,8676.7
278170,82.35,8676.7
278180,82.35,8676.7
278190,82.35,8676.7
278200,82.35,8676.7
278210,82.35,8676.7
278220,82.35,8676.7
278230,82.35,8676.7
278240,82.35,8676.7
278250,82.35,8676.7
278260,82.35,8523.69
278270,82.35,8523.69
278280,82.35,8523.69
278290,82.35,8523.69
278300,82.35,8523.69
278310,82.35,8523.69
278320,82.35,8523.69
278330,82.35,8523.69
278340,82.35,8523.69
278350,82.35,8523.69
278360,82.35,8523.69
278370,82.35,8523.69
278380,82.35,8523.69
278390,82.35,8523.69
278400,82.35,8523.69
278410,82.35,8523.69
278420,82.35,8523.69
278430,82.35,8523.69
278440,82.35,8523.69
278450,82.35,8523.69
278460,82.35,8523.69
278470,82.35,8523.69
278480,82.35,8523.69
278490,82.35,8523.69
278500,82.35,8523.69
278510,82.35,8523.69
278520,82.35,8523.69
278530,82.35,8523.69
278540,82.35,8523.69
278550,82.35,8523.69
278560,82.35,8523.69
278570,82.35,8523.69
278580,82.35,8523.69
278590,82.35,8523.69
278600,82.35,8523.69
278610,82.35,8523.69
278620,82.35,8523.69
278630,82.35,8523.69
278640,82.35,8523.69
278650,82.35,8523.69
278660,82.35,8414.25
278670,82.35,8414.25
278680,82.35,8414.25
278690,82.35,8414.25
278700,81.92,8414.25
278710,81.92,8414.25
278720,81.92,8414.25
278730,81.92,8414.25
278740,81.92,8414.25
278750,81.92,8414.25
278760,81.92,8414.25
278770,81.92,8414.25
278780,81.92,8414.25
278790,81.92,8414.25
278800,81.92,8414.25
278810,81.92,8414.25
278820,81.92,8414.25
278830,81.92,8414.25
278840,81.92,8414.25
278850,81.92,8414.25
278860,81.92,8414.25
278870,81.92,8414.25
278880,81.92,8414.25
278890,81.92,8414.25
278900,81.92,8414.25
278910,81.92,8414.25
278920,81.92,8414.25
278930,81.92,8414.25
278940,82.14,8414.25
278950,82.14,8414.25
278960,82.14,8414.25
278970,82.14,8414.25
278980,82.14,8414.25
278990,82.14,8414.25
279000,82.14,8414.25
279010,82.14,8414.25
279020,82.14,8414.25
279030,82.14,8414.25
279040,82.14,8414.25
279050,82.14,8414.25
279060,82.14,8414.25
279070,82.14,8414.25
279080,82.14,8414.25
279090,82.14,8414.25
279100,82.14,8414.25
279110,82.14,8414.25
279120,82.14,8367.57
279130,82.14,8367.57
279140,82.14,8367.57
279150,82.14,8367.57
279160,82.14,8367.57
279170,82.14,8367.57
279180,82.14,8367.57
279190,82.14,8367.57
279200,82.14,8367.57
279210,82.14,8367.57
279220,82.14,8367.57
279230,82.14,8367.57
279240,82.14,8367.57
279250,82.14,8367.57
279260,82.14,8367.57
279270,82.14,8367.57
279280,82.14,8367.57
279290,82.14,8367.57
279300,82.14,8367.57
279310,82.26,8367.57
279320,82.26,8367.57
279330,82.26,8367.57
279340,82.26,8367.57
279350,82.26,8367.57
279360,82.26,8367.57
279370,82.26,8367.57
279380,82.26,8367.57
279390,82.26,8367.57
279400,82.26,8367.57
279410,82.26,8367.57
279420,82.26,8367.57
279430,82.26,8367.57
279440,82.26,8367.57
279450,82.26,8367.57
279460,82.26,8367.57
279470,82.26,8367.57
279480,82.26,8367.57
279490,82.26,8367.57
279500,82.26,8367.57
279510,82.26,8367.57
279520,82.26,8367.57
279530,82.26,8367.57
279540,82.26,8367.57
279550,82.26,8367.57
279560,82.26,8367.57
279570,82.26,8367.57
279580,82.26,8451.11
279590,82.26,8451.11
279600,82.26,8451.11
279610,82.72,8451.11
279620,82.72,8451.11
279630,82.72,8451.11
279640,82.72,8451.11
279650,82.72,8451.11
279660,82.72,8451.11
279670,82.72,8451.11
279680,82.72,8451.11
279690,82.72,8451.11
279700,82.72,8451.11
279710,82.72,8451.11
279720,82.72,8451.11
279730,82.72,8451.11
279740,82.72,8451.11
279750,82.72,8451.11
279760,82.72,8451.11
279770,82.72,8451.11
279780,82.72,8451.11
279790,82.72,8451.11
279800,82.72,8451.11
279810,82.72,8451.11
279820,82.72,8451.11
279830,82.72,8451.11
279840,82.72,8451.11
279850,82.72,8451.11
279860,82.72,8451.11
279870,82.72,8451.11
279880,82.72,8451.11
279890,82.72,8451.11
279900,82.72,8451.11
279910,82.72,8451.11
279920,82.72,8451.11
279930,82.72,8451.11
279940,82.72,8451.11
279950,82.72,8451.11
279960,82.72,8477.91
279970,82.42,8477.91
279980,82.42,8477.91
279990,82.42,8477.91
280000,82.42,8477.91
280010,82.42,8477.91
280020,82.42,8477.91
280030,82.42,8477.91
280040,82.42,8477.91
280050,82.42,8477.91
280060,82.42,8477.91
280070,82.42,8477.91
280080,82.42,8477.91
280090,82.42,8477.91
280100,82.42,8477.91
280110,82.42,8477.91
280120,82.42,8477.91
280130,82.42,8477.91
280140,82.42,8477.91
280150,82.42,8477.91
280160,82.42,8477.91
280170,82.42,8477.91
280180,82.42,8477.91
280190,82.42,8477.91
280200,82.42,8477.91
280210,82.42,8477.91
280220,82.42,8477.91
280230,82.42,8477.91
280240,82.42,8477.91
280250,82.42,8477.91
280260,82.42,8477.91
280270,82.42,8477.91
280280,82.42,8477.91
280290,82.42,8477.91
280300,82.42,8477.91
280310,82.42,8477.91
280320,82.42,8477.91
280330,82.42,8477.91
280340,82.7,8477.91
280350,82.7,8477.91
280360,82.7,8477.91
280370,82.7,8477.91
280380,82.7,8477.91
280390,82.7,8477.91
280400,82.7,8477.91
280410,82.7,8477.91
280420,82.7,8477.91
280430,82.7,8477.91
280440,82.7,8526.04
280450,82.7,8526.04
280460,82.7,8526.04
280470,82.7,8526.04
280480,82.7,8526.04
280490,82.7,8526.04
280500,82.7,8526.04
280510,82.7,8526.04
280520,82.7,8526.04
280530,82.7,8526.04
280540,82.7,8526.04
280550,82.7,8526.04
280560,82.7,8526.04
280570,82.7,8526.04
280580,82.7,8526.04
280590,82.7,8526.04
280600,82.7,8526.04
280610,82.7,8526.04
280620,82.7,8526.04
280630,82.7,8526.04
280640,82.7,8526.04
280650,82.7,8526.04
280660,82.7,8526.04
280670,82.7,8526.04
280680,82.7,8526.04
280690,82.7,8526.04
280700,82.7,8526.04
280710,82.7,8526.04
280720,82.7,8526.04
280730,82.7,8526.04
280740,82.7,8526.04
280750,82.7,8526.04
280760,82.48,8526.04
280770,82.48,8526.04
280780,82.48,8526.04
280790,82.48,8526.04
280800,82.48,8526.04
280810,82.48,8535.35
280820,82.48,8535.35
280830,82.48,8535.35
280840,82.48,8535.35
280850,82.48,8535.35
280860,82.48,8535.35
280870,82.48,8535.35
280880,82.48,8535.35
280890,82.48,8535.35
280900,82.48,8535.35
280910,82.48,8535.35
280920,82.48,8535.35
280930,82.48,8535.35
280940,82.48,8535.35
280950,82.48,8535.35
280960,82.48,8535.35
280970,82.89,8535.35
280980,82.89,8535.35
280990,82.89,8535.35
281000,82.89,8535.35
281010,82.89,8535.35
281020,82.89,8535.35
281030,82.89,8535.35
281040,82.89,8556.65
281050,82.89,8556.65
281060,82.89,8556.65
281070,82.89,8556.65
281080,82.89,8556.65
281090,82.89,8556.65
281100,82.89,8556.65
281110,82.89,8556.65
281120,82.89,8556.65
281130,82.89,8556.65
281140,82.89,8556.65
281150,82.89,8556.65
281160,82.89,8556.65
281170,82.89,8556.65
281180,82.89,8556.65
281190,82.98,8556.65
281200,82.98,8556.65
281210,82.98,8556.65
281220,82.98,8556.65
281230,82.98,8556.65
281240,82.98,8556.65
281250,82.98,8556.65
281260,82.98,8556.65
281270,82.98,8556.65
281280,82.98,8556.65
281290,82.98,8556.65
281300,82.98,8556.65
281310,82.98,8539.94
281320,82.98,8539.94
281330,82.98,8539.94
281340,82.98,8539.94
281350,82.98,8539.94
281360,82.98,8539.94
281370,82.98,8539.94
281380,82.98,8539.94
281390,82.98,8539.94
281400,82.98,8539.94
281410,82.98,8539.94
281420,82.98,8539.94
281430,82.98,8539.94
281440,82.98,8539.94
281450,82.98,8539.94
281460,82.98,8539.94
281470,82.98,8539.94
281480,82.98,8539.94
281490,82.98,8539.94
281500,82.98,8539.94
281510,82.98,8539.94
281520,82.98,8539.94
281530,82.98,8539.94
281540,82.98,8539.94
281550,82.98,8539.94
281560,82.98,8539.94
281570,82.98,8539.94
281580,82.98,8539.94
281590,82.98,8539.94
281600,82.98,8510.85
281610,82.98,8510.85
281620,82.98,8510.85
281630,82.98,8510.85
281640,82.98,8510.85
281650,82.98,8510.85
281660,83.14,8510.85
281670,83.14,8510.85
281680,83.14,8510.85
281690,83.14,8510.85
281700,83.14,8510.85
281710,83.14,8510.85
281720,83.14,8510.85
281730,83.14,8510.85
281740,83.14,8510.85
281750,83.14,8510.85
281760,83.14,8510.85
281770,83.14,8510.85
281780,83.14,8510.85
281790,83.14,8510.85
281800,83.14,8510.85
281810,83.14,8510.85
281820,83.14,8510.85
281830,83.14,8510.85
281840,83.14,8510.85
281850,83.14,8510.85
281860,83.14,8510.85
281870,83.14,8510.85
281880,83.14,8510.85
281890,83.14,8510.85
281900,83.14,8510.85
281910,83.67,8510.85
281920,83.67,8510.85
281930,83.67,8510.85
281940,83.67,8510.85
281950,83.67,8551.07
281960,83.67,8551.07
281970,83.67,8551.07
281980,83.67,8551.07
281990,83.67,8551.07
282000,83.67,8551.07
282010,83.67,8551.07
282020,83.67,8551.07
282030,83.67,8551.07
282040,83.67,8551.07
282050,83.67,8551.07
282060,83.67,8551.07
282070,83.67,8551.07
282080,83.67,8551.07
282090,83.67,8551.07
282100,83.67,8551.07
282110,83.96,8551.07
282120,83.96,8551.07
282130,83.96,8551.07
282140,83.96,8551.07
282150,83.96,8551.07
282160,83.96,8551.07
282170,83.96,8551.07
282180,83.96,8551.07
282190,83.96,8551.07
282200,83.96,8551.07
282210,83.96,8551.07
282220,83.96,8551.07
282230,83.96,8551.07
282240,83.96,8551.07
282250,83.96,8551.07
282260,83.96,8551.07
282270,83.96,8551.07
282280,83.96,8551.07
282290,83.96,8551.07
282300,83.96,8551.07
282310,83.96,8551.07
282320,83.96,8551.07
282330,83.96,8551.07
282340,83.96,8551.07
282350,83.96,8514.04
282360,83.96,8514.04
282370,83.96,8514.04
282380,83.96,8514.04
282390,84.12,8514.04
282400,84.12,8514.04
282410,84.12,8514.04
282420,84.12,8514.04
282430,84.12,8514.04
282440,84.12,8514.04
282450,84.12,8514.04
282460,84.12,8514.04
282470,84.12,8514.04
282480,84.12,8514.04
282490,84.12,8514.04
282500,84.12,8514.04
282510,84.12,8514.04
282520,84.12,8514.04
282530,84.12,8514.04
282540,84.12,8514.04
282550,84.12,8514.04
282560,84.12,8514.04
282570,84.12,8514.04
282580,84.12,8514.04
282590,84.12,8514.04
282600,84.12,8514.04
282610,84.12,8514.04
282620,84.12,8514.04
282630,84.06,8514.04
282640,84.06,8514.04
282650,84.06,8514.04
282660,84.06,8514.04
282670,84.06,8514.04
282680,84.06,8563.82
282690,84.06,8563.82
282700,84.06,8563.82
282710,84.06,8563.82
282720,84.06,8563.82
282730,84.06,8563.82
282740,84.06,8563.82
282750,84.06,8563.82
282760,84.06,8563.82
282770,84.06,8563.82
282780,84.06,8563.82
282790,84.06,8563.82
282800,84.06,8563.82
282810,84.06,8563.82
282820,84.06,8563.82
282830,84.06,8563.82
282840,84.06,8563.82
282850,84.06,8563.82
282860,84.06,8563.82
282870,84.06,8563.82
282880,84.06,8563.82
282890,84.06,8563.82
282900,84.06,8563.82
282910,84.06,8563.82
282920,84.06,8563.82
282930,84.06,8563.82
282940,84.06,8421.49
282950,84.06,8421.49
282960,84.06,8421.49
282970,84.06,8421.49
282980,84.06,8421.49
282990,84.06,8421.49
283000,84.06,8421.49
283010,84.06,8421.49
283020,84.06,8421.49
283030,84.06,8421.49
283040,84.06,8421.49
283050,84.06,8421.49
283060,84.06,8421.49
283070,83.92,8421.49
283080,83.92,8421.49
283090,83.92,8421.49
283100,83.92,8421.49
283110,83.92,8421.49
283120,83.92,8421.49
283130,83.92,8421.49
283140,83.92,8421.49
283150,83.92,8421.49
283160,83.92,8421.49
283170,83.92,8421.49
283180,83.92,8421.49
283190,83.92,8421.49
283200,83.92,8421.49
283210,83.92,8421.49
283220,83.92,8421.49
283230,83.92,8421.49
283240,83.92,8421.49
283250,83.92,8432.93
283260,83.92,8432.93
283270,83.92,8432.93
283280,83.92,8432.93
283290,83.92,8432.93
283300,83.92,8432.93
283310,83.92,8432.93
283320,83.92,8432.93
283330,83.92,8432.93
283340,83.92,8432.93
283350,83.92,8432.93
283360,83.92,8432.93
283370,83.92,8432.93
283380,84.41,8432.93
283390,84.41,8432.93
283400,84.41,8432.93
283410,84.41,8432.93
283420,84.41,8432.93
283430,84.41,8432.93
283440,84.41,8432.93
283450,84.41,8432.93
283460,84.41,8432.93
283470,84.41,8526.72
283480,84.41,8526.72
283490,84.41,8526.72
283500,84.41,8526.72
283510,84.41,8526.72
283520,84.41,8526.72
283530,84.41,8526.72
283540,84.41,8526.72
283550,84.41,8526.72
283560,84.41,8526.72
283570,84.41,8526.72
283580,84.41,8526.72
283590,84.41,8526.72
283600,84.41,8526.72
283610,84.41,8526.72
283620,84.41,8526.72
283630,84.41,8526.72
283640,84.41,8526.72
283650,84.41,8526.72
283660,84.41,8526.72
283670,84.41,8526.72
283680,84.41,8526.72
283690,84.41,8526.72
283700,84.41,8526.72
283710,84.41,8526.72
283720,84.41,8526.72
283730,84.07,8526.72
283740,84.07,8526.72
283750,84.07,8526.72
283760,84.07,8526.72
283770,84.07,8526.72
283780,84.07,8526.72
283790,84.07,8526.72
283800,84.07,8526.72
283810,84.07,8543.07
283820,84.07,8543.07
283830,84.07,8543.07
283840,84.07,8543.07
283850,84.07,8543.07
283860,84.07,8543.07
283870,84.07,8543.07
283880,84.07,8543.07
283890,84.07,8543.07
283900,84.07,8543.07
283910,84.07,8543.07
283920,84.07,8543.07
283930,84.07,8543.07
283940,84.07,8543.07
283950,84.07,8543.07
283960,84.07,8543.07
283970,84.07,8543.07
283980,84.07,8543.07
283990,84.07,8543.07
284000,84.07,8543.07
284010,84.07,8543.07
284020,84.07,8543.07
284030,84.07,8543.07
284040,84.07,8543.07
284050,84.07,8543.07
284060,84.07,8543.07
284070,84.07,8543.07
284080,84.07,8543.07
284090,84.07,8543.07
284100,84.07,8543.07
284110,84.07,8543.07
284120,84.07,8543.07
284130,84.07,8543.07
284140,84.07,8543.07
284150,84.07,8543.07
284160,84.07,8653.49
284170,84.07,8653.49
284180,84.62,8653.49
284190,84.62,8653.49
284200,84.62,8653.49
284210,84.62,8653.49
284220,84.62,8653.49
284230,84.62,8653.49
284240,84.62,8653.49
284250,84.62,8653.49
284260,84.62,8653.49
284270,84.62,8653.49
284280,84.62,8653.49
284290,84.62,8653.49
284300,84.62,8653.49
284310,84.62,8653.49
284320,84.62,8653.49
284330,84.62,8653.49
284340,84.62,8653.49
284350,84.62,8653.49
284360,84.62,8664.26
284370,84.62,8664.26
284380,84.62,8664.26
284390,84.62,8664.26
284400,84.62,8664.26
284410,85.04,8664.26
284420,85.04,8664.26
284430,85.04,8664.26
284440,85.04,8664.26
284450,85.04,8664.26
284460,85.04,8664.26
284470,85.04,8664.26
284480,85.04,8664.26
284490,85.04,8664.26
284500,85.04,8664.26
284510,85.04,8664.26
284520,85.04,8664.26
284530,85.04,8664.26
284540,85.04,8664.26
284550,85.04,8664.26
284560,85.04,8664.26
284570,85.04,8664.26
284580,85.04,8664.26
284590,85.04,8664.26
284600,85.04,8664.26
284610,85.04,8664.26
284620,85.04,8664.26
284630,85.04,8664.26
284640,85.04,8664.26
284650,85.04,8664.26
284660,85.04,8664.26
284670,85.04,8664.26
284680,85.04,8664.26
284690,85.04,8664.26
284700,85.04,8664.26
284710,85.04,8664.26
284720,85.04,8664.26
284730,85.04,8664.26
284740,84.73,8664.26
284750,84.73,8664.26
284760,84.73,8664.26
284770,84.73,8664.26
284780,84.73,8664.26
284790,84.73,8664.26
284800,84.73,8664.26
284810,84.73,8664.26
284820,84.73,8664.26
284830,84.73,8553.02
284840,84.73,8553.02
284850,84.73,8553.02
284860,84.73,8553.02
284870,84.73,8553.02
284880,84.73,8553.02
284890,84.73,8553.02
284900,84.73,8553.02
284910,84.73,8553.02
284920,84.73,8553.02
284930,84.73,8553.02
284940,84.73,8553.02
284950,84.73,8553.02
284960,84.73,8553.02
284970,84.73,8553.02
284980,84.73,8553.02
284990,84.73,8553.02
285000,84.73,8553.02
285010,84.73,8553.02
285020,84.73,8553.02
285030,84.73,8553.02
285040,84.73,8553.02
285050,84.73,8553.02
285060,84.73,8553.02
285070,84.73,8553.02
285080,84.73,8553.02
285090,84.73,8553.02
285100,84.73,8553.02
285110,84.73,8553.02
285120,84.73,8553.02
285130,84.73,8553.02
285140,84.73,8553.02
285150,84.73,8553.02
285160,84.73,8553.02
285170,84.73,8553.02
285180,84.19,8553.02
285190,84.19,8553.02
285200,84.19,8553.02
285210,84.19,8553.02
285220,84.19,8553.02
285230,84.19,8553.02
285240,84.19,8553.02
285250,84.19,8553.02
285260,84.19,8553.02
285270,84.19,8596.9
285280,84.19,8596.9
285290,84.19,8596.9
285300,84.19,8596.9
285310,84.19,8596.9
285320,84.19,8596.9
285330,84.19,8596.9
285340,84.19,8596.9
285350,84.19,8596.9
285360,84.19,8596.9
285370,84.19,8596.9
285380,84.19,8596.9
285390,84.19,8596.9
285400,84.19,8596.9
285410,84.19,8596.9
285420,84.19,8596.9
285430,84.19,8596.9
285440,84.19,8596.9
285450,84.19,8596.9
285460,84.19,8596.9
285470,84.19,8596.9
285480,84.19,8596.9
285490,84.19,8596.9
285500,84.19,8596.9
285510,84.19,8596.9
285520,84.19,8596.9
285530,84.19,8596.9
285540,84.19,8596.9
285550,84.19,8596.9
285560,84.19,8596.9
285570,84.19,8596.9
285580,84.19,8596.9
285590,84.19,8596.9
285600,84.19,8596.9
285610,84.19,8596.9
285620,84.19,8596.9
285630,84.19,8596.9
285640,84.19,8706.75
285650,83.93,8706.75
285660,83.93,8706.75
285670,83.93,8706.75
285680,83.93,8706.75
285690,83.93,8706.75
285700,83.93,8706.75
285710,83.93,8706.75
285720,83.93,8706.75
285730,83.93,8706.75
285740,83.93,8706.75
285750,83.93,8706.75
285760,83.93,8706.75
285770,83.93,8706.75
285780,83.93,8706.75
285790,83.93,8706.75
285800,83.93,8706.75
285810,83.93,8706.75
285820,83.93,8706.75
285830,83.93,8706.75
285840,83.93,8706.75
285850,83.93,8706.75
285860,83.93,8706.75
285870,83.93,8706.75
285880,83.93,8706.75
285890,83.93,8706.75
285900,83.93,8706.75
285910,83.93,8706.75
285920,83.93,8706.75
285930,83.93,8706.75
285940,83.93,8706.75
285950,83.93,8706.75
285960,84.32,8706.75
285970,84.32,8706.75
285980,84.32,8706.75
285990,84.32,8706.75
286000,84.32,8706.75
286010,84.32,8706.75
286020,84.32,8706.75
286030,84.32,8706.75
286040,84.32,8706.75
286050,84.32,8706.75
286060,84.32,8706.75
286070,84.32,8653.1
286080,84.32,8653.1
286090,84.32,8653.1
286100,84.32,8653.1
286110,84.32,8653.1
286120,84.32,8653.1
286130,84.32,8653.1
286140,84.32,8653.1
286150,84.32,8653.1
286160,84.32,8653.1
286170,84.32,8653.1
286180,84.32,8653.1
286190,84.32,8653.1
286200,84.32,8653.1
286210,84.32,8653.1
286220,84.32,8653.1
286230,84.32,8653.1
286240,84.32,8653.1
286250,84.32,8653.1
286260,84.32,8653.1
286270,84.32,8653.1
286280,84.32,8796.88
286290,84.32,8796.88
286300,84.61,8796.88
286310,84.61,8796.88
286320,84.61,8796.88
286330,84.61,8796.88
286340,84.61,8796.88
286350,84.61,8796.88
286360,84.61,8796.88
286370,84.61,8796.88
286380,84.61,8796.88
286390,84.61,8796.88
286400,84.61,8796.88
286410,84.61,8796.88
286420,84.61,8796.88
286430,84.61,8796.88
286440,84.61,8796.88
286450,84.61,8796.88
286460,84.61,8796.88
286470,84.61,8796.88
286480,84.61,8796.88
286490,84.61,8796.88
286500,84.61,8796.88
286510,84.61,8796.88
286520,84.61,8754.64
286530,84.9,8754.64
286540,84.9,8754.64
286550,84.9,8754.64
286560,84.9,8754.64
286570,84.9,8754.64
286580,84.9,8754.64
286590,84.9,8754.64
286600,84.9,8754.64
286610,84.9,8754.64
286620,84.9,8754.64
286630,84.9,8754.64
286640,84.9,8754.64
286650,84.9,8754.64
286660,84.9,8754.64
286670,84.9,8754.64
286680,84.9,8754.64
286690,84.9,8754.64
286700,84.9,8754.64
286710,84.9,8754.64
286720,84.9,8754.64
286730,84.9,8754.64
286740,84.9,8754.64
286750,84.9,8754.64
286760,84.9,8754.64
286770,85.23,8754.64
286780,85.23,8754.64
286790,85.23,8754.64
286800,85.23,8754.64
286810,85.23,8754.64
286820,85.23,8754.64
286830,85.23,8754.64
286840,85.23,8754.64
286850,85.23,8754.64
286860,85.23,8754.64
286870,85.23,8754.64
286880,85.23,8754.64
286890,85.23,8754.64
286900,85.23,8754.64
286910,85.23,8754.64
286920,85.23,8754.64
286930,85.23,8754.64
286940,85.23,8916.79
286950,85.23,8916.79
286960,85.23,8916.79
286970,85.23,8916.79
286980,85.23,8916.79
286990,85.23,8916.79
287000,85.23,8916.79
287010,85.23,8916.79
287020,85.23,8916.79
287030,85.23,8916.79
287040,85.23,8916.79
287050,85.23,8916.79
287060,85.23,8916.79
287070,85.23,8916.79
287080,85.23,8916.79
287090,85.23,8916.79
287100,85.23,8916.79
287110,85.23,8916.79
287120,85.23,8916.79
287130,85.23,8916.79
287140,85.23,8916.79
287150,85.23,8916.79
287160,85.23,8916.79
287170,85.51,8916.79
287180,85.51,8916.79
287190,85.51,8916.79
287200,85.51,8916.79
287210,85.51,8916.79
287220,85.51,8916.79
287230,85.51,8916.79
287240,85.51,8916.79
287250,85.51,8916.79
287260,85.51,8916.79
287270,85.51,8916.79
287280,85.51,8916.79
287290,85.51,8916.79
287300,85.51,8916.79
287310,85.51,8916.79
287320,85.51,8916.79
287330,85.51,8916.79
287340,85.51,8916.79
287350,85.51,8916.79
287360,85.51,8916.79
287370,85.51,8916.79
287380,85.51,8916.79
287390,85.51,8916.79
287400,85.51,8916.79
287410,85.51,9080.58
287420,85.51,9080.58
287430,85.51,9080.58
287440,85.51,9080.58
287450,85.04,9080.58
287460,85.04,9080.58
287470,85.04,9080.58
287480,85.04,9080.58
287490,85.04,9080.58
287500,85.04,9080.58
287510,85.04,9080.58
287520,85.04,9080.58
287530,85.04,9080.58
287540,85.04,9080.58
287550,85.04,9080.58
287560,85.04,9080.58
287570,85.04,9080.58
287580,85.04,9080.58
287590,85.04,9080.58
287600,85.04,9080.58
287610,85.04,9080.58
287620,85.04,9080.58
287630,85.04,9080.58
287640,85.04,9080.58
287650,85.04,9080.58
287660,85.04,9080.58
287670,85.04,9080.58
287680,85.04,9080.58
287690,85.04,9080.58
287700,85.04,9080.58
287710,85.04,9080.58
287720,85.04,9080.58
287730,85.04,9080.58
287740,85.04,9080.58
287750,85.04,9080.58
287760,85.04,9080.58
287770,85.04,9080.58
287780,85.04,9080.58
287790,85.04,8946.99
287800,85.04,8946.99
287810,85.04,8946.99
287820,85.04,8946.99
287830,85.04,8946.99
287840,85.04,8946.99
287850,85.04,8946.99
287860,84.78,8946.99
287870,84.78,8946.99
287880,84.78,8946.99
287890,84.78,8946.99
287900,84.78,8946.99
287910,84.78,8946.99
287920,84.78,8946.99
287930,84.78,8946.99
287940,84.78,8946.99
287950,84.78,8946.99
287960,84.78,8946.99
287970,84.78,8946.99
287980,84.78,8946.99
287990,84.78,8946.99
288000,84.78,8946.99
288010,84.78,8946.99
288020,84.78,8946.99
288030,84.78,8946.99
288040,84.78,8946.99
288050,84.78,8946.99
288060,84.78,8946.99
288070,84.99,8946.99
288080,84.99,8946.99
288090,84.99,8946.99
288100,84.99,8946.99
288110,84.99,8946.99
288120,84.99,8946.99
288130,84.99,8946.99
288140,84.99,8946.99
288150,84.99,8946.99
288160,84.99,8946.99
288170,84.99,8946.99
288180,84.99,8946.99
288190,84.99,8946.99
288200,84.99,8946.99
288210,84.99,8981.23
288220,84.99,8981.23
288230,84.99,8981.23
288240,84.99,8981.23
288250,84.99,8981.23
288260,84.99,8981.23
288270,84.99,8981.23
288280,84.99,8981.23
288290,84.99,8981.23
288300,85.06,8981.23
288310,85.06,8981.23
288320,85.06,8981.23
288330,85.06,8981.23
288340,85.06,8981.23
288350,85.06,8981.23
288360,85.06,8981.23
288370,85.06,8981.23
288380,85.06,8981.23
288390,85.06,8981.23
288400,85.06,8981.23
288410,85.06,8981.23
288420,85.06,8981.23
288430,85.06,8981.23
288440,85.06,8981.23
288450,85.06,8981.23
288460,85.06,8981.23
288470,85.06,8981.23
288480,85.06,8981.23
288490,85.06,8981.23
288500,85.06,8981.23
288510,85.06,8981.23
288520,85.06,8981.23
288530,85.06,8981.23
288540,85.06,8981.23
288550,85.06,8981.23
288560,85.06,8981.23
288570,84.79,8981.23
288580,84.79,8981.23
288590,84.79,8981.23
288600,84.79,8981.23
288610,84.79,8981.23
288620,84.79,8981.23
288630,84.79,8981.23
288640,84.79,8987.35
288650,84.79,8987.35
288660,84.79,8987.35
288670,84.79,8987.35
288680,84.79,8987.35
288690,84.79,8987.35
288700,84.79,8987.35
288710,84.79,8987.35
288720,84.79,8987.35
288730,84.79,8987.35
288740,84.79,8987.35
288750,84.79,8987.35
288760,84.79,8987.35
288770,84.79,8987.35
288780,84.79,8987.35
288790,84.79,8987.35
288800,84.79,8987.35
288810,84.79,8987.35
288820,84.79,8987.35
288830,84.79,8987.35
288840,84.79,8987.35
288850,84.79,8987.35
288860,84.79,8987.35
288870,84.79,8987.35
288880,84.79,8987.35
288890,84.79,8987.35
288900,84.79,8987.35
288910,84.79,8987.35
288920,84.79,8987.35
288930,85.2,8987.35
288940,85.2,8987.35
288950,85.2,8987.35
288960,85.2,8987.35
288970,85.2,8987.35
288980,85.2,8987.35
288990,85.2,8987.35
289000,85.2,8987.35
289010,85.2,8987.35
289020,85.2,9103.83
289030,85.2,9103.83
289040,85.2,9103.83
289050,85.2,9103.83
289060,85.2,9103.83
289070,85.2,9103.83
289080,85.2,9103.83
289090,85.2,9103.83
289100,85.2,9103.83
289110,85.2,9103.83
289120,85.2,9103.83
289130,85.2,9103.83
289140,85.2,9103.83
289150,85.2,9103.83
289160,85.2,9103.83
289170,85.2,9103.83
289180,85.2,9103.83
289190,85.2,9103.83
289200,85.2,9103.83
289210,85.2,9103.83
289220,85.2,9103.83
289230,85.2,9103.83
289240,85.2,9103.83
289250,85.2,9103.83
289260,85.2,9103.83
289270,85.2,9103.83
289280,85.2,9103.83
289290,85.2,9103.83
289300,85.2,9057.03
289310,85.2,9057.03
289320,85.6,9057.03
289330,85.6,9057.03
289340,85.6,9057.03
289350,85.6,9057.03
289360,85.6,9057.03
289370,85.6,9057.03
289380,85.6,9057.03
289390,85.6,9057.03
289400,85.6,9057.03
289410,85.6,9057.03
289420,85.6,9057.03
289430,85.6,9057.03
289440,85.6,9057.03
289450,85.6,9057.03
289460,85.6,9057.03
289470,85.6,9057.03
289480,85.6,9057.03
289490,85.6,9057.03
289500,85.6,9057.03
289510,85.6,9057.03
289520,85.6,9057.03
289530,85.6,9057.03
289540,85.6,9057.03
289550,85.6,9057.03
289560,85.6,9057.03
289570,85.6,9057.03
289580,85.6,9057.03
289590,85.6,9057.03
289600,85.6,9057.03
289610,85.6,9057.03
289620,85.6,9057.03
289630,85.6,9057.03
289640,85.6,9006.34
289650,85.6,9006.34
289660,85.6,9006.34
289670,85.6,9006.34
289680,85.6,9006.34
289690,85.6,9006.34
289700,85.6,9006.34
289710,85.6,9006.34
289720,85.6,9006.34
289730,85.6,9006.34
289740,85.6,9006.34
289750,85.6,9006.34
289760,85.6,9006.34
289770,85.93,9006.34
289780,85.93,9006.34
289790,85.93,9006.34
289800,85.93,9006.34
289810,85.93,9006.34
289820,85.93,9006.34
289830,85.93,9006.34
289840,85.93,9006.34
289850,85.93,8842.69
289860,85.93,8842.69
289870,85.93,8842.69
289880,85.93,8842.69
289890,85.93,8842.69
289900,85.93,8842.69
289910,85.93,8842.69
289920,85.93,8842.69
289930,85.93,8842.69
289940,85.93,8842.69
289950,85.93,8842.69
289960,85.93,8842.69
289970,85.93,8842.69
289980,85.93,8842.69
289990,85.93,8842.69
290000,85.93,8842.69
290010,85.93,8842.69
290020,85.93,8842.69
290030,85.93,8842.69
290040,85.93,8842.69
290050,85.93,8842.69
290060,85.93,8842.69
290070,85.93,8842.69
290080,85.93,8842.69
290090,85.93,8842.69
290100,85.93,8842.69
290110,85.93,8842.69
290120,85.93,8842.69
290130,85.93,8842.69
290140,85.93,8842.69
290150,85.67,8802.55
290160,85.67,8802.55
290170,85.67,8802.55
290180,85.67,8802.55
290190,85.67,8802.55
290200,85.67,8802.55
290210,85.67,8802.55
290220,85.67,8802.55
290230,85.67,8802.55
290240,85.67,8802.55
290250,85.67,8802.55
290260,85.67,8802.55
290270,85.67,8802.55
290280,85.67,8802.55
290290,85.67,8802.55
290300,85.67,8802.55
290310,85.67,8802.55
290320,85.67,8802.55
290330,85.67,8802.55
290340,85.67,8802.55
290350,85.67,8802.55
290360,85.67,8802.55
290370,85.67,8802.55
290380,85.67,8802.55
290390,85.67,8802.55
290400,85.67,8802.55
290410,86.21,8802.55
290420,86.21,8802.55
290430,86.21,8802.55
290440,86.21,8802.55
290450,86.21,8904.69
290460,86.21,8904.69
290470,86.21,8904.69
290480,86.21,8904.69
290490,86.21,8904.69
290500,86.21,8904.69
290510,86.21,8904.69
290520,86.21,8904.69
290530,86.21,8904.69
290540,86.21,8904.69
290550,86.21,8904.69
290560,86.21,8904.69
290570,86.21,8904.69
290580,86.21,8904.69
290590,86.21,8904.69
290600,86.21,8904.69
290610,86.21,8904.69
290620,86.07,8904.69
290630,86.07,8904.69
290640,86.07,8904.69
290650,86.07,8904.69
290660,86.07,8904.69
290670,86.07,8904.69
290680,86.07,8904.69
290690,86.07,8904.69
290700,86.07,8904.69
290710,86.07,8904.69
290720,86.07,8904.69
290730,86.07,8985.06
290740,86.07,8985.06
290750,86.07,8985.06
290760,86.07,8985.06
290770,86.07,8985.06
290780,86.07,8985.06
290790,86.07,8985.06
290800,86.07,8985.06
290810,86.07,8985.06
290820,86.07,8985.06
290830,86.07,8985.06
290840,86.07,8985.06
290850,86.07,8985.06
290860,86.07,8985.06
290870,86.07,8985.06
290880,86.07,8985.06
290890,86.07,8985.06
290900,86.07,8985.06
290910,86.07,8985.06
290920,86.07,8985.06
290930,86.07,8985.06
290940,86.07,8985.06
290950,86.07,8985.06
290960,86.33,8985.06
290970,86.33,8985.06
290980,86.33,8985.06
290990,86.33,8985.06
291000,86.33,8985.06
291010,86.33,8985.06
291020,86.33,8985.06
291030,86.33,8985.06
291040,86.33,8985.06
291050,86.33,8985.06
291060,86.33,8985.06
291070,86.33,8985.06
291080,86.33,8985.06
291090,86.33,8985.06
291100,86.33,8985.06
291110,86.33,8985.06
291120,86.33,8985.06
291130,86.33,8985.06
291140,86.33,8985.06
291150,86.33,8897.61
291160,86.33,8897.61
291170,86.33,8897.61
291180,86.33,8897.61
291190,86.33,8897.61
291200,86.33,8897.61
291210,86.33,8897.61
291220,86.33,8897.61
291230,86.33,8897.61
291240,86.33,8897.61
291250,86.33,8897.61
291260,86.33,8897.61
291270,86.33,8897.61
291280,86.33,8897.61
291290,86.33,8897.61
291300,86.33,8897.61
291310,86.33,8897.61
291320,86.33,8897.61
291330,86.33,8897.61
291340,86.33,8897.61
291350,86.33,8897.61
291360,86.33,8897.61
291370,86.33,8897.61
291380,86.33,8897.61
291390,86.33,8897.61
291400,86.33,8897.61
291410,86.33,8897.61
291420,86.33,8897.61
291430,86.33,8897.61
291440,86.33,8897.61
291450,86.34,8897.61
291460,86.34,8897.61
291470,86.34,8897.61
291480,86.34,8897.61
291490,86.34,8897.61
291500,86.34,8897.61
291510,86.34,8897.61
291520,86.34,8919.43
291530,86.34,8919.43
291540,86.34,8919.43
291550,86.34,8919.43
291560,86.34,8919.43
291570,86.34,8919.43
291580,86.34,8919.43
291590,86.34,8919.43
291600,86.34,8919.43
291610,86.34,8919.43
291620,86.34,8919.43
291630,86.34,8919.43
291640,86.34,8919.43
291650,86.34,8919.43
291660,86.79,8919.43
291670,86.79,8919.43
291680,86.79,8919.43
291690,86.79,8919.43
291700,86.79,8919.43
291710,86.79,8919.43
291720,86.79,8919.43
291730,86.79,8919.43
291740,86.79,8919.43
291750,86.79,8919.43
291760,86.79,8919.43
291770,86.79,8919.43
291780,86.79,8919.43
291790,86.79,8919.43
291800,86.79,8919.43
291810,86.79,8919.43
291820,86.79,8919.43
291830,86.79,8919.43
291840,86.79,8919.43
291850,86.79,8919.43
291860,86.79,8919.43
291870,86.79,8919.43
291880,86.79,8919.43
291890,86.79,8851.87
291900,86.79,8851.87
291910,86.79,8851.87
291920,86.79,8851.87
291930,86.79,8851.87
291940,86.79,8851.87
291950,86.79,8851.87
291960,86.79,8851.87
291970,86.79,8851.87
291980,86.79,8851.87
291990,86.79,8851.87
292000,86.71,8851.87
292010,86.71,8851.87
292020,86.71,8851.87
292030,86.71,8851.87
292040,86.71,8851.87
292050,86.71,8851.87
292060,86.71,8851.87
292070,86.71,8851.87
292080,86.71,8851.87
292090,86.71,8851.87
292100,86.71,8851.87
292110,86.71,8851.87
292120,86.71,8851.87
292130,86.71,8851.87
292140,86.71,8851.87
292150,86.71,8851.87
292160,86.71,8851.87
292170,86.71,8851.87
292180,86.71,8851.87
292190,86.71,8851.87
292200,86.71,8851.87
292210,86.71,8851.87
292220,86.71,8851.87
292230,86.71,8851.87
292240,86.71,8851.87
292250,86.71,8764.04
292260,86.71,8764.04
292270,86.71,8764.04
292280,86.71,8764.04
292290,86.71,8764.04
292300,86.71,8764.04
292310,86.71,8764.04
292320,86.71,8764.04
292330,86.74,8764.04
292340,86.74,8764.04
292350,86.74,8764.04
292360,86.74,8764.04
292370,86.74,8764.04
292380,86.74,8764.04
292390,86.74,8764.04
292400,86.74,8764.04
292410,86.74,8764.04
292420,86.74,8764.04
292430,86.74,8764.04
292440,86.74,8764.04
292450,86.74,8764.04
292460,86.74,8764.04
292470,86.74,8764.04
292480,86.74,8764.04
292490,86.74,8764.04
292500,86.74,8764.04
292510,86.74,8764.04
292520,86.74,8764.04
292530,86.74,8764.04
292540,86.74,8764.04
292550,86.74,8764.04
292560,86.74,8764.04
292570,86.74,8636.24
292580,86.74,8636.24
292590,86.74,8636.24
292600,86.74,8636.24
292610,86.74,8636.24
292620,86.74,8636.24
292630,86.74,8636.24
292640,86.74,8636.24
292650,86.74,8636.24
292660,86.74,8636.24
292670,86.74,8636.24
292680,86.74,8636.24
292690,86.74,8636.24
292700,86.74,8636.24
292710,86.74,8636.24
292720,86.74,8636.24
292730,86.74,8636.24
292740,86.74,8636.24
292750,86.74,8636.24
292760,86.74,8636.24
292770,86.74,8636.24
292780,86.35,8636.24
292790,86.35,8636.24
292800,86.35,8636.24
292810,86.35,8636.24
292820,86.35,8636.24
292830,86.35,8636.24
292840,86.35,8636.24
292850,86.35,8636.24
292860,86.35,8636.24
292870,86.35,8636.24
292880,86.35,8636.24
292890,86.35,8636.24
292900,86.35,8636.24
292910,86.35,8636.24
292920,86.35,8636.24
292930,86.35,8636.24
292940,86.35,8636.24
292950,86.35,8636.24
292960,86.35,8636.24
292970,86.35,8636.24
292980,86.35,8636.24
292990,86.35,8700.7
293000,86.35,8700.7
293010,86.35,8700.7
293020,86.35,8700.7
293030,86.35,8700.7
293040,86.35,8700.7
293050,86.35,8700.7
293060,86.35,8700.7
293070,86.35,8700.7
293080,86.35,8700.7
293090,86.35,8700.7
293100,86.35,8700.7
293110,86.35,8700.7
293120,86.35,8700.7
293130,86.35,8700.7
293140,86.35,8700.7
293150,86.35,8700.7
293160,86.35,8700.7
293170,86.8,8700.7
293180,86.8,8700.7
293190,86.8,8700.7
293200,86.8,8700.7
293210,86.8,8700.7
293220,86.8,8700.7
293230,86.8,8700.7
293240,86.8,8700.7
293250,86.8,8700.7
293260,86.8,8700.7
293270,86.8,8700.7
293280,86.8,8700.7
293290,86.8,8700.7
293300,86.8,8700.7
293310,86.8,8700.7
293320,86.8,8700.7
293330,86.8,8700.7
293340,86.8,8700.7
293350,86.8,8700.7
293360,86.8,8700.7
293370,86.8,8700.7
293380,86.8,8854.0
293390,86.8,8854.0
293400,86.8,8854.0
293410,86.8,8854.0
293420,86.8,8854.0
293430,86.8,8854.0
293440,86.8,8854.0
293450,86.8,8854.0
293460,86.8,8854.0
293470,86.8,8854.0
293480,86.8,8854.0
293490,86.8,8854.0
293500,86.8,8854.0
293510,86.8,8854.0
293520,86.8,8854.0
293530,86.46,8854.0
293540,86.46,8854.0
293550,86.46,8854.0
293560,86.46,8854.0
293570,86.46,8854.0
293580,86.46,8854.0
293590,86.46,8854.0
293600,86.46,8854.0
293610,86.46,8854.0
293620,86.46,8854.0
293630,86.46,8854.0
293640,86.46,8854.0
293650,86.46,8854.0
293660,86.46,8854.0
293670,86.46,8854.0
293680,86.46,8854.0
293690,86.46,8736.18
293700,86.46,8736.18
293710,86.46,8736.18
293720,86.46,8736.18
293730,86.46,8736.18
293740,86.46,8736.18
293750,86.46,8736.18
293760,86.46,8736.18
293770,86.46,8736.18
293780,86.46,8736.18
293790,86.46,8736.18
293800,86.03,8736.18
293810,86.03,8736.18
293820,86.03,8736.18
293830,86.03,8736.18
293840,86.03,8736.18
293850,86.03,8736.18
293860,86.03,8736.18
293870,86.03,8736.18
293880,86.03,8736.18
293890,86.03,8736.18
293900,86.03,8736.18
293910,86.03,8736.18
293920,86.03,8736.18
293930,86.03,8736.18
293940,86.03,8736.18
293950,86.03,8736.18
293960,86.03,8736.18
293970,86.03,8736.18
293980,86.03,8736.18
293990,86.03,8736.18
294000,86.03,8736.18
294010,86.03,8736.18
294020,86.03,8736.18
294030,86.03,8736.18
294040,86.03,8736.18
294050,86.03,8736.18
294060,86.03,8736.18
294070,86.03,8736.18
294080,86.03,8736.18
294090,86.03,8736.18
294100,85.62,8845.2
294110,85.62,8845.2
294120,85.62,8845.2
294130,85.62,8845.2
294140,85.62,8845.2
294150,85.62,8845.2
294160,85.62,8845.2
294170,85.62,8845.2
294180,85.62,8845.2
294190,85.62,8845.2
294200,85.62,8845.2
294210,85.62,8845.2
294220,85.62,8845.2
294230,85.62,8845.2
294240,85.62,8845.2
294250,85.62,8845.2
294260,85.62,8845.2
294270,85.62,8845.2
294280,85.62,8845.2
294290,85.62,8845.2
294300,85.62,8845.2
294310,85.62,8845.2
294320,85.62,8845.2
294330,85.62,8845.2
294340,86.06,8845.2
294350,86.06,8845.2
294360,86.06,8845.2
294370,86.06,8845.2
294380,86.06,8845.2
294390,86.06,8845.2
294400,86.06,8845.2
294410,86.06,8845.2
294420,86.06,8845.2
294430,86.06,8845.2
294440,86.06,8845.2
294450,86.06,8845.2
294460,86.06,8845.2
294470,86.06,8845.2
294480,86.06,8845.2
294490,86.06,8845.2
294500,86.06,8845.2
294510,86.06,8845.2
294520,86.06,8845.2
294530,86.06,9003.11
294540,86.06,9003.11
294550,86.06,9003.11
294560,86.06,9003.11
294570,86.06,9003.11
294580,86.06,9003.11
294590,86.06,9003.11
294600,86.06,9003.11
294610,86.34,9003.11
294620,86.34,9003.11
294630,86.34,9003.11
294640,86.34,9003.11
294650,86.34,9003.11
294660,86.34,9003.11
294670,86.34,9003.11
294680,86.34,9003.11
294690,86.34,9003.11
294700,86.34,9003.11
294710,86.34,9003.11
294720,86.34,9003.11
294730,86.34,9003.11
294740,86.34,9003.11
294750,86.34,9003.11
294760,86.34,9003.11
294770,86.34,9003.11
294780,86.34,9003.11
294790,86.34,9003.11
294800,86.34,9003.11
294810,86.34,9003.11
294820,86.34,9003.11
294830,86.34,9003.11
294840,86.34,9003.11
294850,86.34,9003.11
294860,86.34,9003.11
294870,86.34,9003.11
294880,86.34,9003.11
294890,86.34,9003.11
294900,86.34,9003.11
294910,86.34,9003.11
294920,86.34,9003.11
294930,86.34,9003.11
294940,86.34,9003.11
294950,86.34,8909.91
294960,86.34,8909.91
294970,86.34,8909.91
294980,86.34,8909.91
294990,86.34,8909.91
295000,86.34,8909.91
295010,86.34,8909.91
295020,86.34,8909.91
295030,86.34,8909.91
295040,86.34,8909.91
295050,86.34,8909.91
295060,86.34,8909.91
295070,86.52,8909.91
295080,86.52,8909.91
295090,86.52,8909.91
295100,86.52,8909.91
295110,86.52,8909.91
295120,86.52,8909.91
295130,86.52,8909.91
295140,86.52,8909.91
295150,86.52,8909.91
295160,86.52,8909.91
295170,86.52,8909.91
295180,86.52,8909.91
295190,86.52,8909.91
295200,86.52,8909.91
295210,86.52,8909.91
295220,86.52,8909.91
295230,86.52,8909.91
295240,86.52,8909.91
295250,86.52,8909.91
295260,86.52,8909.91
295270,86.52,8909.91
295280,86.52,8909.91
295290,86.52,8909.91
295300,86.52,8909.91
295310,86.52,8909.91
295320,86.52,8909.91
295330,86.52,8909.91
295340,86.52,8909.91
295350,86.52,8909.91
295360,86.52,8909.91
295370,86.52,8930.66
295380,86.52,8930.66
295390,86.52,8930.66
295400,86.52,8930.66
295410,86.52,8930.66
295420,86.52,8930.66
295430,86.52,8930.66
295440,86.52,8930.66
295450,86.52,8930.66
295460,86.52,8930.66
295470,86.52,8930.66
295480,86.52,8930.66
295490,86.52,8930.66
295500,86.52,8930.66
295510,86.52,8930.66
295520,86.52,8930.66
295530,86.52,8930.66
295540,86.93,8930.66
295550,86.93,8930.66
295560,86.93,8930.66
295570,86.93,8930.66
295580,86.93,8930.66
295590,86.93,8930.66
295600,86.93,8930.66
295610,86.93,8930.66
295620,86.93,8930.66
295630,86.93,8930.66
295640,86.93,8930.66
295650,86.93,8930.66
295660,86.93,8930.66
295670,86.93,8930.66
295680,86.93,8930.66
295690,86.93,8930.66
295700,86.93,8930.66
295710,86.93,8930.66
295720,86.93,8930.66
295730,86.93,8930.66
295740,86.93,8930.66
295750,86.93,8930.66
295760,86.93,8930.66
295770,86.93,8930.66
295780,86.93,8930.66
295790,86.93,8930.66
295800,86.93,8930.66
295810,86.93,8930.66
295820,86.93,9008.95
295830,86.93,9008.95
295840,86.93,9008.95
295850,86.93,9008.95
295860,86.93,9008.95
295870,86.93,9008.95
295880,86.93,9008.95
295890,86.93,9008.95
295900,86.93,9008.95
295910,86.93,9008.95
295920,86.93,9008.95
295930,86.93,9008.95
295940,86.6,9008.95
295950,86.6,9008.95
295960,86.6,9008.95
295970,86.6,9008.95
295980,86.6,9008.95
295990,86.6,9008.95
296000,86.6,9008.95
296010,86.6,9008.95
296020,86.6,9008.95
296030,86.6,9008.95
296040,86.6,9008.95
296050,86.6,9008.95
296060,86.6,9008.95
296070,86.6,9008.95
296080,86.6,9008.95
296090,86.6,9008.95
296100,86.6,9152.19
296110,86.6,9152.19
296120,86.6,9152.19
296130,86.6,9152.19
296140,87.07,9152.19
296150,87.07,9152.19
296160,87.07,9152.19
296170,87.07,9152.19
296180,87.07,9152.19
296190,87.07,9152.19
296200,87.07,9152.19
296210,87.07,9152.19
296220,87.07,9152.19
296230,87.07,9152.19
296240,87.07,9152.19
296250,87.07,9152.19
296260,87.07,9152.19
296270,87.07,9152.19
296280,87.07,9152.19
296290,87.07,9152.19
296300,87.07,9152.19
296310,87.07,9152.19
296320,87.07,9152.19
296330,87.07,9152.19
296340,87.07,9152.19
296350,87.43,9152.19
296360,87.43,9152.19
296370,87.43,9152.19
296380,87.43,9152.19
296390,87.43,9152.19
296400,87.43,9152.19
296410,87.43,9152.19
296420,87.43,9152.19
296430,87.43,9167.35
296440,87.43,9167.35
296450,87.43,9167.35
296460,87.43,9167.35
296470,87.43,9167.35
296480,87.43,9167.35
296490,87.43,9167.35
296500,87.43,9167.35
296510,87.43,9167.35
296520,87.43,9167.35
296530,87.43,9167.35
296540,87.43,9167.35
296550,87.43,9167.35
296560,87.43,9167.35
296570,87.43,9167.35
296580,87.43,9167.35
296590,87.43,9167.35
296600,87.43,9167.35
296610,87.43,9167.35
296620,87.43,9167.35
296630,87.43,9167.35
296640,87.43,9167.35
296650,87.43,9167.35
296660,87.43,9167.35
296670,87.43,9167.35
296680,87.43,9167.35
296690,87.43,9167.35
296700,87.43,9167.35
296710,87.43,9167.35
296720,87.43,9167.35
296730,87.43,9167.35
296740,87.43,9167.35
296750,87.43,9167.35
296760,87.43,9167.35
296770,87.43,9167.35
296780,87.43,9167.35
296790,87.43,9167.35
296800,87.43,9167.35
296810,87.43,9167.35
296820,87.79,9167.35
296830,87.79,9167.35
296840,87.79,9167.35
296850,87.79,9167.35
296860,87.79,9167.35
296870,87.79,9167.35
296880,87.79,9167.35
296890,87.79,9167.35
296900,87.79,9285.63
296910,87.79,9285.63
296920,87.79,9285.63
296930,87.79,9285.63
296940,87.79,9285.63
296950,87.79,9285.63
296960,87.79,9285.63
296970,87.79,9285.63
296980,87.79,9285.63
296990,87.79,9285.63
297000,87.79,9285.63
297010,87.79,9285.63
297020,87.79,9285.63
297030,87.79,9285.63
297040,87.79,9285.63
297050,87.79,9285.63
297060,87.79,9285.63
297070,87.79,9285.63
297080,87.79,9285.63
297090,87.79,9285.63
297100,87.79,9285.63
297110,87.79,9285.63
297120,87.79,9285.63
297130,87.79,9285.63
297140,87.79,9285.63
297150,87.79,9285.63
297160,87.79,9285.63
297170,87.79,9285.63
297180,87.79,9285.63
297190,87.79,9285.63
297200,87.79,9285.63
297210,87.79,9285.63
297220,87.79,9285.63
297230,87.79,9285.63
297240,87.79,9285.63
297250,87.79,9285.63
297260,87.79,9285.63
297270,87.79,9285.63
297280,87.79,9285.63
297290,87.79,9285.63
297300,87.79,9285.63
297310,87.96,9285.63
297320,87.96,9285.63
297330,87.96,9283.95
297340,87.96,9283.95
297350,87.96,9283.95
297360,87.96,9283.95
297370,87.96,9283.95
297380,87.96,9283.95
297390,87.96,9283.95
297400,87.96,9283.95
297410,87.96,9283.95
297420,87.96,9283.95
297430,87.96,9283.95
297440,87.96,9283.95
297450,87.96,9283.95
297460,87.96,9283.95
297470,87.96,9283.95
297480,87.96,9283.95
297490,87.96,9283.95
297500,87.96,9283.95
297510,87.96,9283.95
297520,87.96,9283.95
297530,87.96,9283.95
297540,87.96,9283.95
297550,87.96,9283.95
297560,87.96,9283.95
297570,87.96,9283.95
297580,87.96,9283.95
297590,87.96,9283.95
297600,87.96,9283.95
297610,87.96,9283.95
297620,87.96,9283.95
297630,87.96,9283.95
297640,87.96,9283.95
297650,87.96,9283.95
297660,87.96,9283.95
297670,87.96,9283.95
297680,87.96,9283.95
297690,87.96,9228.92
297700,87.96,9228.92
297710,87.96,9228.92
297720,87.96,9228.92
297730,87.96,9228.92
297740,87.96,9228.92
297750,87.96,9228.92
297760,87.96,9228.92
297770,88.07,9228.92
297780,88.07,9228.92
297790,88.07,9228.92
297800,88.07,9228.92
297810,88.07,9228.92
297820,88.07,9228.92
297830,88.07,9228.92
297840,88.07,9228.92
297850,88.07,9228.92
297860,88.07,9228.92
297870,88.07,9228.92
297880,88.07,9228.92
297890,88.07,9228.92
297900,88.07,9228.92
297910,88.07,9228.92
297920,88.07,9228.92
297930,88.07,9228.92
297940,88.07,9228.92
297950,88.07,9228.92
297960,88.07,9228.92
297970,88.07,9228.92
297980,88.07,9228.92
297990,88.07,9228.92
298000,88.07,9228.92
298010,88.07,9228.92
298020,88.07,9228.92
298030,88.07,9228.92
298040,88.07,9228.92
298050,88.07,9228.92
298060,88.21,9228.92
298070,88.21,9228.92
298080,88.21,9228.92
298090,88.21,9228.92
298100,88.21,9228.92
298110,88.21,9228.92
298120,88.21,9362.64
298130,88.21,9362.64
298140,88.21,9362.64
298150,88.21,9362.64
298160,88.21,9362.64
298170,88.21,9362.64
298180,88.21,9362.64
298190,88.21,9362.64
298200,88.21,9362.64
298210,88.21,9362.64
298220,88.21,9362.64
298230,88.21,9362.64
298240,88.21,9362.64
298250,88.21,9362.64
298260,88.21,9362.64
298270,88.21,9362.64
298280,88.21,9362.64
298290,88.21,9362.64
298300,88.21,9362.64
298310,88.21,9362.64
298320,88.21,9362.64
298330,88.21,9362.64
298340,88.21,9362.64
298350,88.21,9362.64
298360,88.21,9362.64
298370,88.21,9362.64
298380,88.21,9362.64
298390,88.21,9362.64
298400,88.21,9362.64
298410,88.21,9362.64
298420,88.24,9362.64
298430,88.24,9362.64
298440,88.24,9362.64
298450,88.24,9362.64
298460,88.24,9362.64
298470,88.24,9362.64
298480,88.24,9362.64
298490,88.24,9362.64
298500,88.24,9362.64
298510,88.24,9362.64
298520,88.24,9362.64
298530,88.24,9362.64
298540,88.24,9457.13
298550,88.24,9457.13
298560,88.24,9457.13
298570,88.24,9457.13
298580,88.24,9457.13
298590,88.24,9457.13
298600,88.24,9457.13
298610,88.24,9457.13
298620,88.24,9457.13
298630,88.24,9457.13
298640,88.24,9457.13
298650,88.24,9457.13
298660,88.24,9457.13
298670,88.24,9457.13
298680,88.24,9457.13
298690,88.24,9457.13
298700,88.24,9457.13
298710,88.24,9457.13
298720,88.24,9457.13
298730,88.24,9457.13
298740,88.24,9457.13
298750,88.24,9457.13
298760,88.24,9457.13
298770,88.24,9457.13
298780,88.24,9457.13
298790,88.24,9457.13
298800,88.24,9457.13
298810,88.24,9436.99
298820,88.24,9436.99
298830,88.24,9436.99
298840,88.24,9436.99
298850,88.24,9436.99
298860,88.24,9436.99
298870,88.24,9436.99
298880,88.24,9436.99
298890,88.24,9436.99
298900,88.24,9436.99
298910,88.68,9436.99
298920,88.68,9436.99
298930,88.68,9436.99
298940,88.68,9436.99
298950,88.68,9436.99
298960,88.68,9436.99
298970,88.68,9436.99
298980,88.68,9436.99
298990,88.68,9436.99
299000,88.68,9436.99
299010,88.68,9436.99
299020,88.68,9436.99
299030,88.68,9436.99
299040,88.68,9436.99
299050,88.68,9436.99
299060,88.68,9436.99
299070,88.68,9436.99
299080,88.68,9524.01
299090,88.68,9524.01
299100,88.68,9524.01
299110,88.68,9524.01
299120,88.68,9524.01
299130,88.68,9524.01
299140,88.68,9524.01
299150,88.68,9524.01
299160,88.68,9524.01
299170,88.68,9524.01
299180,88.68,9524.01
299190,88.68,9524.01
299200,88.68,9524.01
299210,88.68,9524.01
299220,88.68,9524.01
299230,88.68,9524.01
299240,88.68,9524.01
299250,88.68,9524.01
299260,88.68,9524.01
299270,88.68,9524.01
299280,88.68,9524.01
299290,88.68,9524.01
299300,88.68,9524.01
299310,88.68,9524.01
299320,88.68,9524.01
299330,88.68,9524.01
299340,88.68,9524.01
299350,88.68,9524.01
299360,88.68,9524.01
299370,88.68,9524.01
299380,88.68,9524.01
299390,88.5,9524.01
299400,88.5,9524.01
299410,88.5,9524.01
299420,88.5,9524.01
299430,88.5,9524.01
299440,88.5,9524.01
299450,88.5,9524.01
299460,88.5,9524.01
299470,88.5,9524.01
299480,88.5,9524.01
299490,88.5,9524.01
299500,88.5,9524.01
299510,88.5,9524.01
299520,88.5,9524.01
299530,88.5,9673.98
299540,88.5,9673.98
299550,88.5,9673.98
299560,88.5,9673.98
299570,88.5,9673.98
299580,88.5,9673.98
299590,88.5,9673.98
299600,88.5,9673.98
299610,88.5,9673.98
299620,88.5,9673.98
299630,88.5,9673.98
299640,88.5,9673.98
299650,88.5,9673.98
299660,88.51,9673.98
299670,88.51,9673.98
299680,88.51,9673.98
299690,88.51,9673.98
299700,88.51,9673.98
299710,88.51,9673.98
299720,88.51,9673.98
299730,88.51,9673.98
299740,88.51,9673.98
299750,88.51,9673.98
299760,88.51,9673.98
299770,88.51,9673.98
299780,88.51,9673.98
299790,88.51,9673.98
299800,88.51,9673.98
299810,88.51,9673.98
299820,88.51,9673.98
299830,88.51,9673.98
299840,88.51,9673.98
299850,88.51,9673.98
299860,88.51,9673.98
299870,88.51,9673.98
299880,88.51,9673.98
299890,88.51,9673.98
299900,88.51,9673.98
299910,88.51,9673.98
299920,88.51,9673.98
299930,88.51,9673.98
299940,88.51,9673.98
299950,88.51,9673.98
299960,88.51,9673.98
299970,88.51,9673.98
299980,88.51,9673.98
299990,88.51,9673.98
